,TIME,SRC,PACKET_SIZE,CUMULATIVE_PACKET_SIZE,PAGE_NUMBER,TOTAL_PACKET_SIZE
0,0.0,104.244.42.0-255,66,66,16,198
1,0.009871,31.13.82.0-255,66,132,16,198
2,0.013753,31.13.82.0-255,66,198,16,198
3,0.0,104.244.42.0-255,66,66,16,198
4,0.025889,31.13.82.0-255,66,132,16,198
5,0.029207,31.13.82.0-255,66,198,16,198
6,0.0,104.244.42.0-255,66,66,16,198
7,0.006359,31.13.82.0-255,66,132,16,198
8,0.009608,31.13.82.0-255,66,198,16,198
9,0.0,104.244.42.0-255,66,66,16,66
10,0.0,104.244.42.0-255,66,66,16,198
11,0.012626,31.13.82.0-255,66,132,16,198
12,0.020296,31.13.82.0-255,66,198,16,198
13,0.0,104.244.42.0-255,66,66,16,198
14,0.01244,31.13.82.0-255,66,132,16,198
15,0.015196,31.13.82.0-255,66,198,16,198
16,0.0,104.244.42.0-255,66,66,16,198
17,0.011525,31.13.82.0-255,66,132,16,198
18,0.014552,31.13.82.0-255,66,198,16,198
19,0.0,104.244.42.0-255,66,66,16,198
20,0.022255,31.13.82.0-255,66,132,16,198
21,0.024868,31.13.82.0-255,66,198,16,198
22,0.0,104.244.42.0-255,66,66,16,198
23,0.009413,31.13.82.0-255,66,132,16,198
24,0.012362,31.13.82.0-255,66,198,16,198
25,0.0,104.244.42.0-255,66,66,16,66
26,0.0,104.244.42.0-255,66,66,16,198
27,0.021849,31.13.82.0-255,66,132,16,198
28,0.024649,31.13.82.0-255,66,198,16,198
29,0.0,157.240.13.0-255,66,66,16,132
30,0.0194,104.244.42.0-255,66,132,16,132
31,0.0,104.244.42.0-255,66,66,16,198
32,0.008568,31.13.82.0-255,66,132,16,198
33,0.011661,31.13.82.0-255,66,198,16,198
34,0.0,104.244.42.0-255,66,66,16,198
35,0.009051,31.13.82.0-255,66,132,16,198
36,0.01215,31.13.82.0-255,66,198,16,198
37,0.0,172.31.36.0-255,120,120,16,463
38,0.004544,172.31.36.0-255,101,221,16,463
39,0.004746,172.31.36.0-255,96,317,16,463
40,0.037583,172.31.36.0-255,146,463,16,463
41,0.0,104.244.42.0-255,66,66,16,198
42,0.024803,31.13.82.0-255,66,132,16,198
43,0.028666,31.13.82.0-255,66,198,16,198
44,0.0,104.244.42.0-255,66,66,16,198
45,0.014807,31.13.82.0-255,66,132,16,198
46,0.02009,31.13.82.0-255,66,198,16,198
47,0.0,104.244.42.0-255,66,66,16,198
48,0.013682,31.13.82.0-255,66,132,16,198
49,0.016626,31.13.82.0-255,66,198,16,198
50,0.0,104.244.42.0-255,66,66,16,198
51,0.003889,31.13.82.0-255,66,132,16,198
52,0.007081,31.13.82.0-255,66,198,16,198
53,0.0,104.244.42.0-255,66,66,16,198
54,0.011399,31.13.82.0-255,66,132,16,198
55,0.015483,31.13.82.0-255,66,198,16,198
56,0.0,157.240.13.0-255,66,66,16,132
57,0.013012,104.244.42.0-255,66,132,16,132
58,0.0,104.244.42.0-255,66,66,16,264
59,0.008923,31.13.82.0-255,66,132,16,264
60,0.009654,31.13.82.0-255,66,198,16,264
61,0.049445,31.13.82.0-255,66,264,16,264
62,0.0,104.244.42.0-255,66,66,16,198
63,0.026216,31.13.82.0-255,66,132,16,198
64,0.029238,31.13.82.0-255,66,198,16,198
65,0.0,104.244.42.0-255,66,66,16,198
66,0.00936,31.13.82.0-255,66,132,16,198
67,0.011942,31.13.82.0-255,66,198,16,198
68,0.0,104.244.42.0-255,66,66,16,198
69,0.009191,31.13.82.0-255,66,132,16,198
70,0.011333,31.13.82.0-255,66,198,16,198
71,0.0,104.244.42.0-255,66,66,16,198
72,0.007735,31.13.82.0-255,66,132,16,198
73,0.011373,31.13.82.0-255,66,198,16,198
74,0.0,104.244.42.0-255,66,66,16,198
75,0.007284,31.13.82.0-255,66,132,16,198
76,0.010741,31.13.82.0-255,66,198,16,198
77,0.0,104.244.42.0-255,66,66,16,264
78,0.005271,31.13.82.0-255,66,132,16,264
79,0.007323,31.13.82.0-255,66,198,16,264
80,0.048992,31.13.82.0-255,66,264,16,264
81,0.0,104.244.42.0-255,66,66,16,198
82,0.023098,31.13.82.0-255,66,132,16,198
83,0.026081,31.13.82.0-255,66,198,16,198
84,0.0,104.244.42.0-255,66,66,16,264
85,0.006269,31.13.82.0-255,66,132,16,264
86,0.010653,31.13.82.0-255,66,198,16,264
87,0.049888,31.13.82.0-255,66,264,16,264
88,0.0,157.240.13.0-255,66,66,16,132
89,0.014521,104.244.42.0-255,66,132,16,132
90,0.0,31.13.82.0-255,66,66,16,198
91,0.004038,31.13.82.0-255,66,132,16,198
92,0.043019,31.13.82.0-255,66,198,16,198
93,0.0,104.244.42.0-255,66,66,16,198
94,0.013635,31.13.82.0-255,66,132,16,198
95,0.016325,31.13.82.0-255,66,198,16,198
96,0.0,157.240.13.0-255,95,95,16,973
97,1.7e-05,172.31.36.0-255,66,161,16,973
98,0.00335,157.240.13.0-255,66,227,16,973
99,0.0038,172.31.36.0-255,90,317,16,973
100,0.003814,172.31.36.0-255,66,383,16,973
101,0.005909,157.240.13.0-255,66,449,16,973
102,0.005924,157.240.13.0-255,66,515,16,973
103,0.031925,104.244.42.0-255,172,687,16,973
104,0.031942,172.31.36.0-255,66,753,16,973
105,0.042045,172.31.36.0-255,154,907,16,973
106,0.043608,104.244.42.0-255,66,973,16,973
107,0.0,104.244.42.0-255,66,66,16,198
108,0.006372,31.13.82.0-255,66,132,16,198
109,0.006398,31.13.82.0-255,66,198,16,198
110,0.0,104.244.42.0-255,66,66,16,198
111,0.01125,31.13.82.0-255,66,132,16,198
112,0.01442,31.13.82.0-255,66,198,16,198
113,0.0,104.244.42.0-255,66,66,16,66
114,0.0,104.244.42.0-255,66,66,16,198
115,0.018107,31.13.82.0-255,66,132,16,198
116,0.021004,31.13.82.0-255,66,198,16,198
117,0.0,104.244.42.0-255,66,66,16,198
118,0.013565,31.13.82.0-255,66,132,16,198
119,0.015871,31.13.82.0-255,66,198,16,198
120,0.0,104.244.42.0-255,66,66,16,198
121,0.02124,31.13.82.0-255,66,132,16,198
122,0.023992,31.13.82.0-255,66,198,16,198
123,0.0,104.244.42.0-255,66,66,16,198
124,0.012915,31.13.82.0-255,66,132,16,198
125,0.015793,31.13.82.0-255,66,198,16,198
126,0.0,104.244.42.0-255,66,66,16,198
127,0.017838,31.13.82.0-255,66,132,16,198
128,0.021038,31.13.82.0-255,66,198,16,198
129,0.0,157.240.13.0-255,66,66,16,132
130,0.012554,104.244.42.0-255,66,132,16,132
131,0.0,104.244.42.0-255,66,66,16,264
132,0.006521,31.13.82.0-255,66,132,16,264
133,0.009275,31.13.82.0-255,66,198,16,264
134,0.048864,31.13.82.0-255,66,264,16,264
135,0.0,104.244.42.0-255,66,66,16,198
136,0.011706,31.13.82.0-255,66,132,16,198
137,0.014056,31.13.82.0-255,66,198,16,198
138,0.0,31.13.82.0-255,66,66,16,264
139,0.001491,104.244.42.0-255,66,132,16,264
140,0.004086,31.13.82.0-255,66,198,16,264
141,0.045584,31.13.82.0-255,66,264,16,264
142,0.0,104.244.42.0-255,66,66,16,198
143,0.020021,31.13.82.0-255,66,132,16,198
144,0.023098,31.13.82.0-255,66,198,16,198
145,0.0,104.244.42.0-255,66,66,16,198
146,0.020416,31.13.82.0-255,66,132,16,198
147,0.02241,31.13.82.0-255,66,198,16,198
148,0.0,104.244.42.0-255,66,66,16,198
149,0.013471,31.13.82.0-255,66,132,16,198
150,0.016189,31.13.82.0-255,66,198,16,198
151,0.0,104.244.42.0-255,66,66,16,198
152,0.020302,31.13.82.0-255,66,132,16,198
153,0.020381,31.13.82.0-255,66,198,16,198
154,0.0,104.244.42.0-255,66,66,16,264
155,0.004979,31.13.82.0-255,66,132,16,264
156,0.009735,31.13.82.0-255,66,198,16,264
157,0.048211,31.13.82.0-255,66,264,16,264
158,0.0,104.244.42.0-255,66,66,16,198
159,0.028415,31.13.82.0-255,66,132,16,198
160,0.030426,31.13.82.0-255,66,198,16,198
161,0.0,104.244.42.0-255,66,66,16,198
162,0.018036,31.13.82.0-255,66,132,16,198
163,0.02099,31.13.82.0-255,66,198,16,198
164,0.0,172.31.36.0-255,146,146,16,344
165,0.026264,31.13.82.0-255,66,212,16,344
166,0.031849,31.13.82.0-255,66,278,16,344
167,0.043428,104.244.42.0-255,66,344,16,344
168,0.0,104.244.42.0-255,66,66,16,264
169,0.006277,31.13.82.0-255,66,132,16,264
170,0.008993,31.13.82.0-255,66,198,16,264
171,0.047283,31.13.82.0-255,66,264,16,264
172,0.0,104.244.42.0-255,66,66,16,198
173,0.02172,31.13.82.0-255,66,132,16,198
174,0.024259,31.13.82.0-255,66,198,16,198
175,0.0,104.244.42.0-255,66,66,16,264
176,0.020617,31.13.82.0-255,66,132,16,264
177,0.020652,31.13.82.0-255,66,198,16,264
178,0.047737,31.13.82.0-255,66,264,16,264
179,0.0,104.244.42.0-255,66,66,16,198
180,0.012707,31.13.82.0-255,66,132,16,198
181,0.016336,31.13.82.0-255,66,198,16,198
182,0.0,104.244.42.0-255,66,66,16,264
183,0.013471,31.13.82.0-255,66,132,16,264
184,0.015535,31.13.82.0-255,66,198,16,264
185,0.048821,31.13.82.0-255,66,264,16,264
186,0.0,104.244.42.0-255,66,66,16,198
187,0.009457,31.13.82.0-255,66,132,16,198
188,0.012765,31.13.82.0-255,66,198,16,198
189,0.0,104.244.42.0-255,66,66,16,264
190,0.001747,31.13.82.0-255,66,132,16,264
191,0.008064,31.13.82.0-255,66,198,16,264
192,0.048551,31.13.82.0-255,66,264,16,264
193,0.0,104.244.42.0-255,66,66,16,198
194,0.004698,31.13.82.0-255,66,132,16,198
195,0.007871,31.13.82.0-255,66,198,16,198
196,0.0,104.244.42.0-255,66,66,16,198
197,0.010449,31.13.82.0-255,66,132,16,198
198,0.013805,31.13.82.0-255,66,198,16,198
199,0.0,104.244.42.0-255,66,66,16,198
200,0.009341,31.13.82.0-255,66,132,16,198
201,0.012248,31.13.82.0-255,66,198,16,198
202,0.0,104.244.42.0-255,66,66,16,264
203,0.007126,31.13.82.0-255,66,132,16,264
204,0.009429,31.13.82.0-255,66,198,16,264
205,0.049555,31.13.82.0-255,66,264,16,264
206,0.0,104.244.42.0-255,66,66,16,198
207,0.011389,31.13.82.0-255,66,132,16,198
208,0.013587,31.13.82.0-255,66,198,16,198
209,0.0,104.244.42.0-255,66,66,16,264
210,0.004834,31.13.82.0-255,66,132,16,264
211,0.009232,31.13.82.0-255,66,198,16,264
212,0.049049,31.13.82.0-255,66,264,16,264
213,0.0,104.244.42.0-255,66,66,16,198
214,0.023081,31.13.82.0-255,66,132,16,198
215,0.028172,31.13.82.0-255,66,198,16,198
216,0.0,104.244.42.0-255,66,66,16,198
217,0.010321,31.13.82.0-255,66,132,16,198
218,0.013698,31.13.82.0-255,66,198,16,198
219,0.0,104.244.42.0-255,66,66,16,264
220,0.005844,31.13.82.0-255,66,132,16,264
221,0.009762,31.13.82.0-255,66,198,16,264
222,0.048321,31.13.82.0-255,66,264,16,264
223,0.0,104.244.42.0-255,66,66,16,198
224,0.007721,31.13.82.0-255,66,132,16,198
225,0.010831,31.13.82.0-255,66,198,16,198
226,0.0,104.244.42.0-255,66,66,16,198
227,0.015766,31.13.82.0-255,66,132,16,198
228,0.018698,31.13.82.0-255,66,198,16,198
229,0.0,104.244.42.0-255,66,66,16,198
230,0.01417,31.13.82.0-255,66,132,16,198
231,0.020105,31.13.82.0-255,66,198,16,198
232,0.0,104.244.42.0-255,66,66,16,198
233,0.010754,31.13.82.0-255,66,132,16,198
234,0.012916,31.13.82.0-255,66,198,16,198
235,0.0,104.244.42.0-255,66,66,16,198
236,0.011717,31.13.82.0-255,66,132,16,198
237,0.018346,31.13.82.0-255,66,198,16,198
238,0.0,104.244.42.0-255,66,66,16,198
239,0.007187,31.13.82.0-255,66,132,16,198
240,0.011366,31.13.82.0-255,66,198,16,198
241,0.0,104.244.42.0-255,66,66,16,198
242,0.00606,31.13.82.0-255,66,132,16,198
243,0.010193,31.13.82.0-255,66,198,16,198
244,0.0,104.244.42.0-255,66,66,16,198
245,0.018784,31.13.82.0-255,66,132,16,198
246,0.021654,31.13.82.0-255,66,198,16,198
247,0.0,104.244.42.0-255,66,66,16,198
248,0.02279,31.13.82.0-255,66,132,16,198
249,0.025615,31.13.82.0-255,66,198,16,198
250,0.0,157.240.13.0-255,66,66,16,132
251,0.014461,104.244.42.0-255,66,132,16,132
252,0.0,104.244.42.0-255,66,66,16,198
253,0.013781,31.13.82.0-255,66,132,16,198
254,0.015377,31.13.82.0-255,66,198,16,198
255,0.0,104.244.42.0-255,66,66,16,66
256,0.0,104.244.42.0-255,66,66,16,264
257,0.005677,31.13.82.0-255,66,132,16,264
258,0.008994,31.13.82.0-255,66,198,16,264
259,0.048347,31.13.82.0-255,66,264,16,264
260,0.0,104.244.42.0-255,66,66,16,198
261,0.011742,31.13.82.0-255,66,132,16,198
262,0.016448,31.13.82.0-255,66,198,16,198
263,0.0,104.244.42.0-255,66,66,16,198
264,0.011334,31.13.82.0-255,66,132,16,198
265,0.016992,31.13.82.0-255,66,198,16,198
266,0.0,172.31.36.0-255,146,146,16,212
267,0.042381,104.244.42.0-255,66,212,16,212
268,0.0,104.244.42.0-255,66,66,16,264
269,0.007976,31.13.82.0-255,66,132,16,264
270,0.010409,31.13.82.0-255,66,198,16,264
271,0.049966,31.13.82.0-255,66,264,16,264
272,0.0,104.244.42.0-255,66,66,16,198
273,0.022193,31.13.82.0-255,66,132,16,198
274,0.0246,31.13.82.0-255,66,198,16,198
275,0.0,104.244.42.0-255,66,66,16,198
276,0.025826,31.13.82.0-255,66,132,16,198
277,0.029508,31.13.82.0-255,66,198,16,198
278,0.0,104.244.42.0-255,66,66,16,198
279,0.012787,31.13.82.0-255,66,132,16,198
280,0.016074,31.13.82.0-255,66,198,16,198
281,0.0,104.244.42.0-255,66,66,16,198
282,0.023401,31.13.82.0-255,66,132,16,198
283,0.025671,31.13.82.0-255,66,198,16,198
284,0.0,104.244.42.0-255,66,66,16,198
285,0.014906,31.13.82.0-255,66,132,16,198
286,0.017965,31.13.82.0-255,66,198,16,198
287,0.0,104.244.42.0-255,66,66,16,198
288,0.015346,31.13.82.0-255,66,132,16,198
289,0.017565,31.13.82.0-255,66,198,16,198
290,0.0,104.244.42.0-255,66,66,16,198
291,0.026022,31.13.82.0-255,66,132,16,198
292,0.028415,31.13.82.0-255,66,198,16,198
293,0.0,104.244.42.0-255,66,66,16,198
294,0.014766,31.13.82.0-255,66,132,16,198
295,0.018301,31.13.82.0-255,66,198,16,198
296,0.0,104.244.42.0-255,66,66,16,198
297,0.02099,31.13.82.0-255,66,132,16,198
298,0.023543,31.13.82.0-255,66,198,16,198
299,0.0,104.244.42.0-255,66,66,16,66
300,0.0,157.240.13.0-255,95,95,16,799
301,2.2e-05,172.31.36.0-255,66,161,16,799
302,0.002314,157.240.13.0-255,66,227,16,799
303,0.002702,172.31.36.0-255,90,317,16,799
304,0.002715,172.31.36.0-255,66,383,16,799
305,0.004462,157.240.13.0-255,66,449,16,799
306,0.004476,157.240.13.0-255,66,515,16,799
307,0.037637,104.244.42.0-255,218,733,16,799
308,0.037658,172.31.36.0-255,66,799,16,799
309,0.0,104.244.42.0-255,66,66,16,198
310,0.018689,31.13.82.0-255,66,132,16,198
311,0.021494,31.13.82.0-255,66,198,16,198
312,0.0,104.244.42.0-255,66,66,16,66
313,0.0,31.13.82.0-255,66,66,16,198
314,4.5e-05,104.244.42.0-255,66,132,16,198
315,0.005778,31.13.82.0-255,66,198,16,198
316,0.0,104.244.42.0-255,66,66,16,198
317,0.025317,31.13.82.0-255,66,132,16,198
318,0.030042,31.13.82.0-255,66,198,16,198
319,0.0,157.240.13.0-255,66,66,16,132
320,0.003328,104.244.42.0-255,66,132,16,132
321,0.0,104.244.42.0-255,66,66,16,198
322,0.009461,31.13.82.0-255,66,132,16,198
323,0.011401,31.13.82.0-255,66,198,16,198
324,0.0,104.244.42.0-255,66,66,16,198
325,0.013058,31.13.82.0-255,66,132,16,198
326,0.015698,31.13.82.0-255,66,198,16,198
327,0.0,104.244.42.0-255,66,66,16,198
328,0.014429,31.13.82.0-255,66,132,16,198
329,0.017023,31.13.82.0-255,66,198,16,198
330,0.0,104.244.42.0-255,66,66,16,198
331,0.014707,31.13.82.0-255,66,132,16,198
332,0.018198,31.13.82.0-255,66,198,16,198
333,0.0,104.244.42.0-255,66,66,16,198
334,0.027175,31.13.82.0-255,66,132,16,198
335,0.029247,31.13.82.0-255,66,198,16,198
336,0.0,104.244.42.0-255,66,66,16,198
337,0.00839,31.13.82.0-255,66,132,16,198
338,0.011474,31.13.82.0-255,66,198,16,198
339,0.0,104.244.42.0-255,66,66,16,264
340,0.002517,31.13.82.0-255,66,132,16,264
341,0.006058,31.13.82.0-255,66,198,16,264
342,0.045807,31.13.82.0-255,66,264,16,264
343,0.0,104.244.42.0-255,66,66,16,198
344,0.008916,31.13.82.0-255,66,132,16,198
345,0.013215,31.13.82.0-255,66,198,16,198
346,0.0,104.244.42.0-255,66,66,16,198
347,0.012584,31.13.82.0-255,66,132,16,198
348,0.016044,31.13.82.0-255,66,198,16,198
349,0.0,104.244.42.0-255,66,66,16,198
350,0.012825,31.13.82.0-255,66,132,16,198
351,0.015716,31.13.82.0-255,66,198,16,198
352,0.0,104.244.42.0-255,66,66,16,198
353,0.006544,31.13.82.0-255,66,132,16,198
354,0.009358,31.13.82.0-255,66,198,16,198
355,0.0,157.240.13.0-255,66,66,16,132
356,0.008262,104.244.42.0-255,66,132,16,132
357,0.0,104.244.42.0-255,66,66,16,198
358,0.007027,31.13.82.0-255,66,132,16,198
359,0.019541,31.13.82.0-255,66,198,16,198
360,0.0,104.244.42.0-255,66,66,16,264
361,0.005449,31.13.82.0-255,66,132,16,264
362,0.005492,31.13.82.0-255,66,198,16,264
363,0.046703,31.13.82.0-255,66,264,16,264
364,0.0,104.244.42.0-255,66,66,16,198
365,0.009039,31.13.82.0-255,66,132,16,198
366,0.014119,31.13.82.0-255,66,198,16,198
367,0.0,104.244.42.0-255,66,66,16,198
368,0.005111,31.13.82.0-255,66,132,16,198
369,0.008259,31.13.82.0-255,66,198,16,198
370,0.0,104.244.42.0-255,66,66,16,198
371,0.005992,31.13.82.0-255,66,132,16,198
372,0.010477,31.13.82.0-255,66,198,16,198
373,0.0,104.244.42.0-255,66,66,16,66
374,0.0,104.244.42.0-255,66,66,16,198
375,0.011344,31.13.82.0-255,66,132,16,198
376,0.013646,31.13.82.0-255,66,198,16,198
377,0.0,104.244.42.0-255,66,66,16,198
378,0.007792,31.13.82.0-255,66,132,16,198
379,0.011516,31.13.82.0-255,66,198,16,198
