,TIME,SRC,PACKET_SIZE,CUMULATIVE_PACKET_SIZE,PAGE_NUMBER,TOTAL_PACKET_SIZE
0,0.0,104.244.42.0-255,66,66,13,198
1,0.029973,31.13.82.0-255,66,132,13,198
2,0.0333,31.13.82.0-255,66,198,13,198
3,0.0,104.244.42.0-255,66,66,13,198
4,0.00758,31.13.82.0-255,66,132,13,198
5,0.011872,31.13.82.0-255,66,198,13,198
6,0.0,104.244.42.0-255,66,66,13,198
7,0.019924,31.13.82.0-255,66,132,13,198
8,0.024353,31.13.82.0-255,66,198,13,198
9,0.0,157.240.13.0-255,66,66,13,132
10,0.012919,104.244.42.0-255,66,132,13,132
11,0.0,104.244.42.0-255,66,66,13,198
12,0.024244,31.13.82.0-255,66,132,13,198
13,0.028577,31.13.82.0-255,66,198,13,198
14,0.0,31.13.82.0-255,66,66,13,198
15,0.003946,31.13.82.0-255,66,132,13,198
16,0.044294,31.13.82.0-255,66,198,13,198
17,0.0,104.244.42.0-255,66,66,13,198
18,0.009716,31.13.82.0-255,66,132,13,198
19,0.014018,31.13.82.0-255,66,198,13,198
20,0.0,104.244.42.0-255,66,66,13,198
21,0.005229,31.13.82.0-255,66,132,13,198
22,0.010582,31.13.82.0-255,66,198,13,198
23,0.0,104.244.42.0-255,66,66,13,198
24,0.017633,31.13.82.0-255,66,132,13,198
25,0.021413,31.13.82.0-255,66,198,13,198
26,0.0,157.240.13.0-255,66,66,13,132
27,0.011262,104.244.42.0-255,66,132,13,132
28,0.0,157.240.13.0-255,66,66,13,132
29,0.010923,104.244.42.0-255,66,132,13,132
30,0.0,104.244.42.0-255,66,66,13,66
31,0.0,172.31.36.0-255,74,74,13,2833
32,0.001512,104.244.42.0-255,74,148,13,2833
33,0.001533,172.31.36.0-255,66,214,13,2833
34,0.010797,172.31.36.0-255,612,826,13,2833
35,0.012331,104.244.42.0-255,66,892,13,2833
36,0.012517,104.244.42.0-255,407,1299,13,2833
37,0.012527,172.31.36.0-255,66,1365,13,2833
38,0.018222,172.31.36.0-255,117,1482,13,2833
39,0.01969,172.31.36.0-255,243,1725,13,2833
40,0.019729,172.31.36.0-255,724,2449,13,2833
41,0.019948,104.244.42.0-255,110,2559,13,2833
42,0.020523,172.31.36.0-255,104,2663,13,2833
43,0.021279,104.244.42.0-255,66,2729,13,2833
44,0.021623,104.244.42.0-255,104,2833,13,2833
45,0.0,104.244.42.0-255,66,66,13,198
46,0.016838,31.13.82.0-255,66,132,13,198
47,0.021574,31.13.82.0-255,66,198,13,198
48,0.0,104.244.42.0-255,66,66,13,198
49,0.021258,31.13.82.0-255,66,132,13,198
50,0.025006,31.13.82.0-255,66,198,13,198
51,0.0,104.244.42.0-255,66,66,13,198
52,0.007911,31.13.82.0-255,66,132,13,198
53,0.012638,31.13.82.0-255,66,198,13,198
54,0.0,104.244.42.0-255,66,66,13,198
55,0.014858,31.13.82.0-255,66,132,13,198
56,0.018024,31.13.82.0-255,66,198,13,198
57,0.0,104.244.42.0-255,66,66,13,198
58,0.016969,31.13.82.0-255,66,132,13,198
59,0.020126,31.13.82.0-255,66,198,13,198
60,0.0,104.244.42.0-255,66,66,13,198
61,0.002936,31.13.82.0-255,66,132,13,198
62,0.00728,31.13.82.0-255,66,198,13,198
63,0.0,104.244.42.0-255,66,66,13,198
64,0.019034,31.13.82.0-255,66,132,13,198
65,0.022557,31.13.82.0-255,66,198,13,198
66,0.0,157.240.13.0-255,66,66,13,132
67,0.016381,104.244.42.0-255,66,132,13,132
68,0.0,104.244.42.0-255,66,66,13,198
69,0.014155,31.13.82.0-255,66,132,13,198
70,0.01716,31.13.82.0-255,66,198,13,198
71,0.0,104.244.42.0-255,66,66,13,198
72,0.011067,31.13.82.0-255,66,132,13,198
73,0.013462,31.13.82.0-255,66,198,13,198
74,0.0,104.244.42.0-255,66,66,13,198
75,0.016921,31.13.82.0-255,66,132,13,198
76,0.020504,31.13.82.0-255,66,198,13,198
77,0.0,104.244.42.0-255,66,66,13,198
78,0.020069,31.13.82.0-255,66,132,13,198
79,0.02367,31.13.82.0-255,66,198,13,198
80,0.0,31.13.82.0-255,66,66,13,330
81,0.003662,172.31.36.0-255,66,132,13,330
82,0.003777,31.13.82.0-255,66,198,13,330
83,0.008921,104.244.42.0-255,66,264,13,330
84,0.045522,31.13.82.0-255,66,330,13,330
85,0.0,104.244.42.0-255,66,66,13,198
86,0.013995,31.13.82.0-255,66,132,13,198
87,0.019057,31.13.82.0-255,66,198,13,198
88,0.0,104.244.42.0-255,66,66,13,198
89,0.009175,31.13.82.0-255,66,132,13,198
90,0.012676,31.13.82.0-255,66,198,13,198
91,0.0,104.244.42.0-255,66,66,13,198
92,0.014115,31.13.82.0-255,66,132,13,198
93,0.017277,31.13.82.0-255,66,198,13,198
94,0.0,31.13.82.0-255,66,66,13,330
95,0.005906,31.13.82.0-255,66,132,13,330
96,0.009129,172.31.36.0-255,66,198,13,330
97,0.014347,104.244.42.0-255,66,264,13,330
98,0.047312,31.13.82.0-255,66,330,13,330
99,0.0,104.244.42.0-255,66,66,13,66
100,0.0,31.13.82.0-255,66,66,13,198
101,0.004529,31.13.82.0-255,66,132,13,198
102,0.030303,31.13.82.0-255,66,198,13,198
103,0.0,104.244.42.0-255,66,66,13,198
104,0.01361,31.13.82.0-255,66,132,13,198
105,0.02017,31.13.82.0-255,66,198,13,198
106,0.0,104.244.42.0-255,66,66,13,198
107,0.014493,31.13.82.0-255,66,132,13,198
108,0.021935,31.13.82.0-255,66,198,13,198
109,0.0,104.244.42.0-255,66,66,13,198
110,0.021966,31.13.82.0-255,66,132,13,198
111,0.025566,31.13.82.0-255,66,198,13,198
112,0.0,104.244.42.0-255,66,66,13,198
113,0.015916,31.13.82.0-255,66,132,13,198
114,0.018873,31.13.82.0-255,66,198,13,198
115,0.0,104.244.42.0-255,66,66,13,198
116,0.01341,31.13.82.0-255,66,132,13,198
117,0.017677,31.13.82.0-255,66,198,13,198
118,0.0,104.244.42.0-255,308,308,13,1979
119,4.9e-05,104.244.42.0-255,110,418,13,1979
120,0.006225,104.244.42.0-255,110,528,13,1979
121,0.006241,172.31.36.0-255,78,606,13,1979
122,0.011109,172.31.36.0-255,243,849,13,1979
123,0.011151,172.31.36.0-255,724,1573,13,1979
124,0.011808,172.31.36.0-255,104,1677,13,1979
125,0.012729,104.244.42.0-255,66,1743,13,1979
126,0.012742,104.244.42.0-255,104,1847,13,1979
127,0.020982,31.13.82.0-255,66,1913,13,1979
128,0.028364,31.13.82.0-255,66,1979,13,1979
129,0.0,104.244.42.0-255,66,66,13,198
130,0.002401,31.13.82.0-255,66,132,13,198
131,0.011297,31.13.82.0-255,66,198,13,198
132,0.0,104.244.42.0-255,66,66,13,198
133,0.017717,31.13.82.0-255,66,132,13,198
134,0.022231,31.13.82.0-255,66,198,13,198
135,0.0,104.244.42.0-255,66,66,13,198
136,0.028285,31.13.82.0-255,66,132,13,198
137,0.031798,31.13.82.0-255,66,198,13,198
138,0.0,104.244.42.0-255,66,66,13,198
139,0.019047,31.13.82.0-255,66,132,13,198
140,0.027136,31.13.82.0-255,66,198,13,198
141,0.0,157.240.13.0-255,66,66,13,132
142,0.005333,104.244.42.0-255,66,132,13,132
143,0.0,104.244.42.0-255,66,66,13,198
144,0.010512,31.13.82.0-255,66,132,13,198
145,0.022002,31.13.82.0-255,66,198,13,198
146,0.0,104.244.42.0-255,66,66,13,198
147,0.011814,31.13.82.0-255,66,132,13,198
148,0.015332,31.13.82.0-255,66,198,13,198
149,0.0,31.13.82.0-255,66,66,13,198
150,0.004633,31.13.82.0-255,66,132,13,198
151,0.042646,31.13.82.0-255,66,198,13,198
152,0.0,104.244.42.0-255,66,66,13,198
153,0.03154,31.13.82.0-255,66,132,13,198
154,0.035282,31.13.82.0-255,66,198,13,198
155,0.0,104.244.42.0-255,66,66,13,198
156,0.008134,31.13.82.0-255,66,132,13,198
157,0.012354,31.13.82.0-255,66,198,13,198
158,0.0,104.244.42.0-255,66,66,13,198
159,0.01602,31.13.82.0-255,66,132,13,198
160,0.019722,31.13.82.0-255,66,198,13,198
161,0.0,104.244.42.0-255,66,66,13,198
162,0.010572,31.13.82.0-255,66,132,13,198
163,0.013932,31.13.82.0-255,66,198,13,198
164,0.0,104.244.42.0-255,66,66,13,198
165,0.011476,31.13.82.0-255,66,132,13,198
166,0.015548,31.13.82.0-255,66,198,13,198
167,0.0,104.244.42.0-255,66,66,13,198
168,0.011942,31.13.82.0-255,66,132,13,198
169,0.018188,31.13.82.0-255,66,198,13,198
170,0.0,104.244.42.0-255,66,66,13,198
171,0.019058,31.13.82.0-255,66,132,13,198
172,0.022565,31.13.82.0-255,66,198,13,198
173,0.0,104.244.42.0-255,66,66,13,198
174,0.031547,31.13.82.0-255,66,132,13,198
175,0.035774,31.13.82.0-255,66,198,13,198
176,0.0,104.244.42.0-255,66,66,13,198
177,0.031262,31.13.82.0-255,66,132,13,198
178,0.035669,31.13.82.0-255,66,198,13,198
179,0.0,31.13.82.0-255,66,66,13,264
180,0.001843,172.31.36.0-255,66,132,13,264
181,0.003569,31.13.82.0-255,66,198,13,264
182,0.005077,104.244.42.0-255,66,264,13,264
183,0.0,104.244.42.0-255,66,66,13,198
184,0.012962,31.13.82.0-255,66,132,13,198
185,0.017173,31.13.82.0-255,66,198,13,198
186,0.0,104.244.42.0-255,66,66,13,198
187,0.025753,31.13.82.0-255,66,132,13,198
188,0.028795,31.13.82.0-255,66,198,13,198
189,0.0,104.244.42.0-255,66,66,13,198
190,0.029792,31.13.82.0-255,66,132,13,198
191,0.03343,31.13.82.0-255,66,198,13,198
192,0.0,104.244.42.0-255,66,66,13,198
193,0.011834,31.13.82.0-255,66,132,13,198
194,0.016437,31.13.82.0-255,66,198,13,198
195,0.0,104.244.42.0-255,66,66,13,264
196,0.007198,31.13.82.0-255,66,132,13,264
197,0.010541,31.13.82.0-255,66,198,13,264
198,0.049553,31.13.82.0-255,66,264,13,264
199,0.0,104.244.42.0-255,66,66,13,198
200,0.017371,31.13.82.0-255,66,132,13,198
201,0.020614,31.13.82.0-255,66,198,13,198
202,0.0,104.244.42.0-255,66,66,13,198
203,0.015265,31.13.82.0-255,66,132,13,198
204,0.019245,31.13.82.0-255,66,198,13,198
205,0.0,104.244.42.0-255,66,66,13,198
206,0.017265,31.13.82.0-255,66,132,13,198
207,0.021073,31.13.82.0-255,66,198,13,198
208,0.0,104.244.42.0-255,66,66,13,198
209,0.008014,31.13.82.0-255,66,132,13,198
210,0.010798,31.13.82.0-255,66,198,13,198
211,0.0,104.244.42.0-255,66,66,13,264
212,0.000816,31.13.82.0-255,66,132,13,264
213,0.004688,31.13.82.0-255,66,198,13,264
214,0.046854,31.13.82.0-255,66,264,13,264
215,0.0,104.244.42.0-255,66,66,13,198
216,0.018793,31.13.82.0-255,66,132,13,198
217,0.022744,31.13.82.0-255,66,198,13,198
218,0.0,104.244.42.0-255,66,66,13,198
219,0.017077,31.13.82.0-255,66,132,13,198
220,0.01963,31.13.82.0-255,66,198,13,198
221,0.0,104.244.42.0-255,66,66,13,198
222,0.015314,31.13.82.0-255,66,132,13,198
223,0.019071,31.13.82.0-255,66,198,13,198
224,0.0,104.244.42.0-255,66,66,13,198
225,0.018827,31.13.82.0-255,66,132,13,198
226,0.022529,31.13.82.0-255,66,198,13,198
227,0.0,157.240.7.0-255,66,66,13,132
228,0.009425,104.244.42.0-255,66,132,13,132
229,0.0,104.244.42.0-255,66,66,13,198
230,0.012303,31.13.82.0-255,66,132,13,198
231,0.019316,31.13.82.0-255,66,198,13,198
232,0.0,31.13.82.0-255,66,66,13,132
233,0.002533,31.13.82.0-255,66,132,13,132
234,0.0,172.31.36.0-255,66,66,13,198
235,0.007595,31.13.82.0-255,66,132,13,198
236,0.012994,31.13.82.0-255,66,198,13,198
237,0.0,31.13.82.0-255,66,66,13,264
238,0.001876,104.244.42.0-255,66,132,13,264
239,0.003999,31.13.82.0-255,66,198,13,264
240,0.031126,31.13.82.0-255,66,264,13,264
241,0.0,104.244.42.0-255,66,66,13,198
242,0.012349,31.13.82.0-255,66,132,13,198
243,0.016512,31.13.82.0-255,66,198,13,198
244,0.0,104.244.42.0-255,66,66,13,198
245,0.019375,31.13.82.0-255,66,132,13,198
246,0.023017,31.13.82.0-255,66,198,13,198
247,0.0,104.244.42.0-255,66,66,13,198
248,0.018569,31.13.82.0-255,66,132,13,198
249,0.022284,31.13.82.0-255,66,198,13,198
250,0.0,104.244.42.0-255,66,66,13,198
251,0.013463,31.13.82.0-255,66,132,13,198
252,0.017424,31.13.82.0-255,66,198,13,198
253,0.0,157.240.13.0-255,95,95,13,982
254,1.9e-05,172.31.36.0-255,66,161,13,982
255,0.002923,157.240.13.0-255,66,227,13,982
256,0.003286,172.31.36.0-255,90,317,13,982
257,0.003298,172.31.36.0-255,66,383,13,982
258,0.005318,157.240.13.0-255,66,449,13,982
259,0.005338,157.240.13.0-255,66,515,13,982
260,0.02419,104.244.42.0-255,177,692,13,982
261,0.024209,172.31.36.0-255,66,758,13,982
262,0.038252,172.31.36.0-255,158,916,13,982
263,0.039812,104.244.42.0-255,66,982,13,982
264,0.0,104.244.42.0-255,66,66,13,198
265,0.007204,31.13.82.0-255,66,132,13,198
266,0.018073,31.13.82.0-255,66,198,13,198
267,0.0,104.244.42.0-255,66,66,13,66
268,0.0,104.244.42.0-255,66,66,13,198
269,0.01756,31.13.82.0-255,66,132,13,198
270,0.021144,31.13.82.0-255,66,198,13,198
271,0.0,104.244.42.0-255,66,66,13,198
272,0.018307,31.13.82.0-255,66,132,13,198
273,0.021751,31.13.82.0-255,66,198,13,198
274,0.0,104.244.42.0-255,66,66,13,198
275,0.016911,31.13.82.0-255,66,132,13,198
276,0.021128,31.13.82.0-255,66,198,13,198
277,0.0,104.244.42.0-255,66,66,13,198
278,0.029687,31.13.82.0-255,66,132,13,198
279,0.033143,31.13.82.0-255,66,198,13,198
280,0.0,104.244.42.0-255,66,66,13,198
281,0.03075,31.13.82.0-255,66,132,13,198
282,0.034689,31.13.82.0-255,66,198,13,198
283,0.0,104.244.42.0-255,66,66,13,198
284,0.018508,31.13.82.0-255,66,132,13,198
285,0.022294,31.13.82.0-255,66,198,13,198
286,0.0,104.244.42.0-255,66,66,13,198
287,0.016863,31.13.82.0-255,66,132,13,198
288,0.021041,31.13.82.0-255,66,198,13,198
289,0.0,104.244.42.0-255,66,66,13,198
290,0.016823,31.13.82.0-255,66,132,13,198
291,0.02058,31.13.82.0-255,66,198,13,198
292,0.0,104.244.42.0-255,66,66,13,198
293,0.017453,31.13.82.0-255,66,132,13,198
294,0.021175,31.13.82.0-255,66,198,13,198
295,0.0,104.244.42.0-255,66,66,13,198
296,0.008984,31.13.82.0-255,66,132,13,198
297,0.013497,31.13.82.0-255,66,198,13,198
298,0.0,104.244.42.0-255,66,66,13,198
299,0.028198,31.13.82.0-255,66,132,13,198
300,0.035449,31.13.82.0-255,66,198,13,198
301,0.0,172.31.36.0-255,66,66,13,198
302,0.020053,31.13.82.0-255,66,132,13,198
303,0.024015,31.13.82.0-255,66,198,13,198
304,0.0,104.244.42.0-255,66,66,13,198
305,0.007971,31.13.82.0-255,66,132,13,198
306,0.011693,31.13.82.0-255,66,198,13,198
307,0.0,104.244.42.0-255,66,66,13,198
308,0.017195,31.13.82.0-255,66,132,13,198
309,0.020207,31.13.82.0-255,66,198,13,198
310,0.0,104.244.42.0-255,66,66,13,264
311,0.009332,31.13.82.0-255,66,132,13,264
312,0.013753,31.13.82.0-255,66,198,13,264
313,0.049755,31.13.82.0-255,66,264,13,264
314,0.0,157.240.13.0-255,66,66,13,132
315,0.00512,104.244.42.0-255,66,132,13,132
316,0.0,31.13.82.0-255,66,66,13,264
317,0.002994,31.13.82.0-255,66,132,13,264
318,0.004147,104.244.42.0-255,66,198,13,264
319,0.042049,31.13.82.0-255,66,264,13,264
320,0.0,157.240.13.0-255,66,66,13,132
321,0.008305,104.244.42.0-255,66,132,13,132
322,0.0,104.244.42.0-255,66,66,13,198
323,0.028958,31.13.82.0-255,66,132,13,198
324,0.033335,31.13.82.0-255,66,198,13,198
325,0.0,104.244.42.0-255,66,66,13,198
326,0.016564,31.13.82.0-255,66,132,13,198
327,0.019564,31.13.82.0-255,66,198,13,198
328,0.0,157.240.13.0-255,66,66,13,132
329,0.00422,104.244.42.0-255,66,132,13,132
330,0.0,104.244.42.0-255,66,66,13,198
331,0.005882,31.13.82.0-255,66,132,13,198
332,0.01222,31.13.82.0-255,66,198,13,198
333,0.0,104.244.42.0-255,66,66,13,198
334,0.024647,31.13.82.0-255,66,132,13,198
335,0.02941,31.13.82.0-255,66,198,13,198
336,0.0,104.244.42.0-255,66,66,13,66
337,0.0,104.244.42.0-255,66,66,13,198
338,0.026174,31.13.82.0-255,66,132,13,198
339,0.029829,31.13.82.0-255,66,198,13,198
340,0.0,104.244.42.0-255,66,66,13,198
341,0.010869,31.13.82.0-255,66,132,13,198
342,0.014609,31.13.82.0-255,66,198,13,198
343,0.0,104.244.42.0-255,66,66,13,198
344,0.019808,31.13.82.0-255,66,132,13,198
345,0.023275,31.13.82.0-255,66,198,13,198
346,0.0,31.13.82.0-255,66,66,13,330
347,0.007106,31.13.82.0-255,66,132,13,330
348,0.014021,172.31.36.0-255,66,198,13,330
349,0.014904,104.244.42.0-255,66,264,13,330
350,0.047531,31.13.82.0-255,66,330,13,330
351,0.0,104.244.42.0-255,66,66,13,198
352,0.018455,31.13.82.0-255,66,132,13,198
353,0.02095,31.13.82.0-255,66,198,13,198
354,0.0,104.244.42.0-255,66,66,13,198
355,0.017266,31.13.82.0-255,66,132,13,198
356,0.020036,31.13.82.0-255,66,198,13,198
357,0.0,31.13.82.0-255,66,66,13,198
358,0.006316,31.13.82.0-255,66,132,13,198
359,0.047509,31.13.82.0-255,66,198,13,198
360,0.0,104.244.42.0-255,66,66,13,198
361,0.014968,31.13.82.0-255,66,132,13,198
362,0.017986,31.13.82.0-255,66,198,13,198
363,0.0,104.244.42.0-255,66,66,13,66
364,0.0,104.244.42.0-255,66,66,13,198
365,0.011543,31.13.82.0-255,66,132,13,198
366,0.015031,31.13.82.0-255,66,198,13,198
367,0.0,31.13.82.0-255,66,66,13,264
368,0.003549,31.13.82.0-255,66,132,13,264
369,0.00826,104.244.42.0-255,66,198,13,264
370,0.044776,31.13.82.0-255,66,264,13,264
371,0.0,104.244.42.0-255,66,66,13,264
372,0.003941,31.13.82.0-255,66,132,13,264
373,0.008131,31.13.82.0-255,66,198,13,264
374,0.04851,31.13.82.0-255,66,264,13,264
375,0.0,104.244.42.0-255,66,66,13,198
376,0.027149,31.13.82.0-255,66,132,13,198
377,0.030803,31.13.82.0-255,66,198,13,198
378,0.0,104.244.42.0-255,66,66,13,198
379,0.003182,31.13.82.0-255,66,132,13,198
380,0.009942,31.13.82.0-255,66,198,13,198
381,0.0,157.240.13.0-255,66,66,13,132
382,0.014319,104.244.42.0-255,66,132,13,132
383,0.0,104.244.42.0-255,66,66,13,198
384,0.017524,31.13.82.0-255,66,132,13,198
385,0.021201,31.13.82.0-255,66,198,13,198
386,0.0,104.244.42.0-255,66,66,13,198
387,0.01681,31.13.82.0-255,66,132,13,198
388,0.020744,31.13.82.0-255,66,198,13,198
