,TIME,SRC,PACKET_SIZE,CUMULATIVE_PACKET_SIZE,PAGE_NUMBER,TOTAL_PACKET_SIZE
0,0.0,157.240.7.0-255,66,66,76,132
1,0.011958,104.244.42.0-255,66,132,76,132
2,0.0,104.244.42.0-255,66,66,76,66
3,0.0,104.244.42.0-255,66,66,76,66
4,0.0,157.240.13.0-255,66,66,76,132
5,0.01263,104.244.42.0-255,66,132,76,132
6,0.0,157.240.7.0-255,66,66,76,132
7,0.011357,104.244.42.0-255,66,132,76,132
8,0.0,104.244.42.0-255,66,66,76,66
9,0.0,157.240.7.0-255,66,66,76,132
10,0.010285,104.244.42.0-255,66,132,76,132
11,0.0,104.244.42.0-255,66,66,76,264
12,0.012791,31.13.82.0-255,66,132,76,264
13,0.019248,31.13.82.0-255,66,198,76,264
14,0.052076,31.13.82.0-255,66,264,76,264
15,0.0,104.244.42.0-255,66,66,76,227
16,0.098531,157.240.7.0-255,95,161,76,227
17,0.098541,172.31.40.0-255,66,227,76,227
18,0.0,157.240.13.0-255,66,66,76,132
19,0.016925,104.244.42.0-255,66,132,76,132
20,0.0,104.244.42.0-255,66,66,76,66
21,0.0,104.244.42.0-255,66,66,76,132
22,0.052413,31.13.82.0-255,66,132,76,132
23,0.0,104.244.42.0-255,66,66,76,227
24,0.096327,157.240.7.0-255,95,161,76,227
25,0.096347,172.31.40.0-255,66,227,76,227
26,0.0,104.244.42.0-255,66,66,76,66
27,0.0,157.240.7.0-255,95,95,76,1030
28,1e-05,172.31.40.0-255,66,161,76,1030
29,0.005104,157.240.7.0-255,66,227,76,1030
30,0.005347,172.31.40.0-255,90,317,76,1030
31,0.005358,172.31.40.0-255,66,383,76,1030
32,0.007345,157.240.7.0-255,66,449,76,1030
33,0.007353,157.240.7.0-255,66,515,76,1030
34,0.041205,104.244.42.0-255,224,739,76,1030
35,0.041224,172.31.40.0-255,66,805,76,1030
36,0.053383,172.31.40.0-255,159,964,76,1030
37,0.054956,104.244.42.0-255,66,1030,76,1030
38,0.0,157.240.7.0-255,66,66,76,132
39,0.013479,104.244.42.0-255,66,132,76,132
40,0.0,157.240.13.0-255,66,66,76,264
41,0.018449,104.244.42.0-255,66,132,76,264
42,0.025887,31.13.82.0-255,66,198,76,264
43,0.029369,31.13.82.0-255,66,264,76,264
44,0.0,157.240.7.0-255,66,66,76,132
45,0.011018,104.244.42.0-255,66,132,76,132
46,0.0,104.244.42.0-255,66,66,76,66
47,0.0,157.240.7.0-255,66,66,76,132
48,0.011668,104.244.42.0-255,66,132,76,132
49,0.0,104.244.42.0-255,66,66,76,198
50,0.013429,31.13.82.0-255,66,132,76,198
51,0.017745,31.13.82.0-255,66,198,76,198
52,0.0,104.244.42.0-255,66,66,76,581
53,0.091114,157.240.7.0-255,95,161,76,581
54,0.091132,172.31.40.0-255,66,227,76,581
55,0.094573,157.240.7.0-255,66,293,76,581
56,0.094784,172.31.40.0-255,90,383,76,581
57,0.094796,172.31.40.0-255,66,449,76,581
58,0.096607,157.240.7.0-255,66,515,76,581
59,0.096618,157.240.7.0-255,66,581,76,581
60,0.0,104.244.42.0-255,66,66,76,449
61,0.094688,157.240.7.0-255,95,161,76,449
62,0.094704,172.31.40.0-255,66,227,76,449
63,0.099028,157.240.7.0-255,66,293,76,449
64,0.099429,172.31.40.0-255,90,383,76,449
65,0.099441,172.31.40.0-255,66,449,76,449
66,0.0,104.244.42.0-255,66,66,76,227
67,0.09647,157.240.7.0-255,95,161,76,227
68,0.096488,172.31.40.0-255,66,227,76,227
69,0.0,157.240.7.0-255,66,66,76,132
70,0.012337,104.244.42.0-255,66,132,76,132
71,0.0,157.240.7.0-255,66,66,76,132
72,0.012269,104.244.42.0-255,66,132,76,132
73,0.0,157.240.7.0-255,66,66,76,132
74,0.011877,104.244.42.0-255,66,132,76,132
75,0.0,104.244.42.0-255,66,66,76,227
76,0.099679,157.240.7.0-255,95,161,76,227
77,0.099692,172.31.40.0-255,66,227,76,227
78,0.0,104.244.42.0-255,66,66,76,66
79,0.0,172.31.40.0-255,151,151,76,283
80,0.01142,157.240.7.0-255,66,217,76,283
81,0.042904,104.244.42.0-255,66,283,76,283
82,0.0,104.244.42.0-255,66,66,76,293
83,0.053706,31.13.82.0-255,66,132,76,293
84,0.096694,157.240.13.0-255,95,227,76,293
85,0.096711,172.31.40.0-255,66,293,76,293
86,0.0,104.244.42.0-255,66,66,76,227
87,0.099627,157.240.7.0-255,95,161,76,227
88,0.099638,172.31.40.0-255,66,227,76,227
89,0.0,104.244.42.0-255,66,66,76,66
90,0.0,104.244.42.0-255,66,66,76,449
91,0.096198,157.240.13.0-255,95,161,76,449
92,0.096217,172.31.40.0-255,66,227,76,449
93,0.09866,157.240.13.0-255,66,293,76,449
94,0.099057,172.31.40.0-255,90,383,76,449
95,0.09907,172.31.40.0-255,66,449,76,449
96,0.0,157.240.7.0-255,66,66,76,132
97,0.010327,104.244.42.0-255,66,132,76,132
98,0.0,157.240.7.0-255,66,66,76,132
99,0.010081,104.244.42.0-255,66,132,76,132
100,0.0,104.244.42.0-255,66,66,76,264
101,0.013729,31.13.82.0-255,66,132,76,264
102,0.016774,31.13.82.0-255,66,198,76,264
103,0.058332,31.13.82.0-255,66,264,76,264
104,0.0,104.244.42.0-255,66,66,76,66
105,0.0,157.240.7.0-255,66,66,76,132
106,0.012604,104.244.42.0-255,66,132,76,132
107,0.0,104.244.42.0-255,66,66,76,198
108,0.012464,31.13.82.0-255,66,132,76,198
109,0.017665,31.13.82.0-255,66,198,76,198
110,0.0,104.244.42.0-255,66,66,76,581
111,0.090306,157.240.7.0-255,95,161,76,581
112,0.090324,172.31.40.0-255,66,227,76,581
113,0.095157,157.240.7.0-255,66,293,76,581
114,0.095575,172.31.40.0-255,90,383,76,581
115,0.095588,172.31.40.0-255,66,449,76,581
116,0.097303,157.240.7.0-255,66,515,76,581
117,0.097313,157.240.7.0-255,66,581,76,581
118,0.0,104.244.42.0-255,66,66,76,581
119,0.097126,157.240.13.0-255,95,161,76,581
120,0.097135,172.31.40.0-255,66,227,76,581
121,0.097855,157.240.13.0-255,66,293,76,581
122,0.098257,172.31.40.0-255,90,383,76,581
123,0.098268,172.31.40.0-255,66,449,76,581
124,0.09997,157.240.13.0-255,66,515,76,581
125,0.099979,157.240.13.0-255,66,581,76,581
126,0.0,157.240.13.0-255,66,66,76,132
127,0.016358,104.244.42.0-255,66,132,76,132
128,0.0,104.244.42.0-255,66,66,76,293
129,0.09273,157.240.7.0-255,95,161,76,293
130,0.092747,172.31.40.0-255,66,227,76,293
131,0.099795,157.240.7.0-255,66,293,76,293
132,0.0,104.244.42.0-255,66,66,76,449
133,0.093529,157.240.7.0-255,95,161,76,449
134,0.093548,172.31.40.0-255,66,227,76,449
135,0.098767,157.240.7.0-255,66,293,76,449
136,0.098971,172.31.40.0-255,90,383,76,449
137,0.098982,172.31.40.0-255,66,449,76,449
138,0.0,104.244.42.0-255,66,66,76,66
139,0.0,104.244.42.0-255,66,66,76,581
140,0.090549,157.240.7.0-255,95,161,76,581
141,0.090559,172.31.40.0-255,66,227,76,581
142,0.095006,157.240.7.0-255,66,293,76,581
143,0.095329,172.31.40.0-255,90,383,76,581
144,0.095338,172.31.40.0-255,66,449,76,581
145,0.096757,157.240.7.0-255,66,515,76,581
146,0.096768,157.240.7.0-255,66,581,76,581
147,0.0,157.240.7.0-255,66,66,76,132
148,0.013909,104.244.42.0-255,66,132,76,132
149,0.0,157.240.7.0-255,66,66,76,132
150,0.018807,104.244.42.0-255,66,132,76,132
151,0.0,104.244.42.0-255,66,66,76,227
152,0.097531,157.240.7.0-255,95,161,76,227
153,0.097548,172.31.40.0-255,66,227,76,227
154,0.0,104.244.42.0-255,66,66,76,264
155,0.022511,31.13.82.0-255,66,132,76,264
156,0.026748,31.13.82.0-255,66,198,76,264
157,0.056775,31.13.82.0-255,66,264,76,264
158,0.0,104.244.42.0-255,66,66,76,66
159,0.0,104.244.42.0-255,66,66,76,66
160,0.0,104.244.42.0-255,66,66,76,264
161,0.02008,31.13.82.0-255,66,132,76,264
162,0.023874,31.13.82.0-255,66,198,76,264
163,0.063728,31.13.82.0-255,66,264,76,264
164,0.0,104.244.42.0-255,66,66,76,581
165,0.091629,157.240.7.0-255,95,161,76,581
166,0.09164,172.31.40.0-255,66,227,76,581
167,0.096654,157.240.7.0-255,66,293,76,581
168,0.096852,172.31.40.0-255,90,383,76,581
169,0.096863,172.31.40.0-255,66,449,76,581
170,0.098551,157.240.7.0-255,66,515,76,581
171,0.098561,157.240.7.0-255,66,581,76,581
172,0.0,157.240.7.0-255,66,66,76,132
173,0.008829,104.244.42.0-255,66,132,76,132
174,0.0,104.244.42.0-255,66,66,76,449
175,0.095862,157.240.7.0-255,95,161,76,449
176,0.095883,172.31.40.0-255,66,227,76,449
177,0.099353,157.240.7.0-255,66,293,76,449
178,0.099707,172.31.40.0-255,90,383,76,449
179,0.099719,172.31.40.0-255,66,449,76,449
180,0.0,104.244.42.0-255,66,66,76,66
181,0.0,157.240.7.0-255,66,66,76,132
182,0.011085,104.244.42.0-255,66,132,76,132
183,0.0,157.240.7.0-255,66,66,76,132
184,0.013621,104.244.42.0-255,66,132,76,132
185,0.0,104.244.42.0-255,66,66,76,66
186,0.0,104.244.42.0-255,66,66,76,264
187,0.011253,31.13.82.0-255,66,132,76,264
188,0.016,31.13.82.0-255,66,198,76,264
189,0.054161,31.13.82.0-255,66,264,76,264
190,0.0,104.244.42.0-255,66,66,76,227
191,0.097915,157.240.7.0-255,95,161,76,227
192,0.097933,172.31.40.0-255,66,227,76,227
193,0.0,31.13.82.0-255,66,66,76,581
194,0.004309,31.13.82.0-255,66,132,76,581
195,0.031531,31.13.82.0-255,66,198,76,581
196,0.093238,31.13.82.0-255,95,293,76,581
197,0.09325,172.31.40.0-255,66,359,76,581
198,0.097472,31.13.82.0-255,66,425,76,581
199,0.097889,172.31.40.0-255,90,515,76,581
200,0.097901,172.31.40.0-255,66,581,76,581
201,0.0,157.240.7.0-255,66,66,76,132
202,0.013036,104.244.42.0-255,66,132,76,132
203,0.0,104.244.42.0-255,66,66,76,227
204,0.095623,157.240.7.0-255,95,161,76,227
205,0.095634,172.31.40.0-255,66,227,76,227
206,0.0,104.244.42.0-255,66,66,76,66
207,0.0,157.240.7.0-255,66,66,76,132
208,0.012368,104.244.42.0-255,66,132,76,132
209,0.0,157.240.7.0-255,66,66,76,132
210,0.015453,104.244.42.0-255,66,132,76,132
211,0.0,104.244.42.0-255,66,66,76,227
212,0.098534,157.240.7.0-255,95,161,76,227
213,0.098549,172.31.40.0-255,66,227,76,227
214,0.0,104.244.42.0-255,66,66,76,227
215,0.099143,157.240.7.0-255,95,161,76,227
216,0.099156,172.31.40.0-255,66,227,76,227
217,0.0,104.244.42.0-255,66,66,76,66
218,0.0,157.240.7.0-255,66,66,76,132
219,0.015315,104.244.42.0-255,66,132,76,132
220,0.0,104.244.42.0-255,66,66,76,227
221,0.099437,157.240.7.0-255,95,161,76,227
222,0.099448,172.31.40.0-255,66,227,76,227
223,0.0,104.244.42.0-255,66,66,76,66
224,0.0,104.244.42.0-255,66,66,76,655
225,0.006571,172.31.40.0-255,74,140,76,655
226,0.090094,157.240.7.0-255,95,235,76,655
227,0.090109,172.31.40.0-255,66,301,76,655
228,0.093379,157.240.7.0-255,66,367,76,655
229,0.093743,172.31.40.0-255,90,457,76,655
230,0.093755,172.31.40.0-255,66,523,76,655
231,0.095554,157.240.7.0-255,66,589,76,655
232,0.095563,157.240.7.0-255,66,655,76,655
233,0.0,157.240.7.0-255,66,66,76,132
234,0.011617,104.244.42.0-255,66,132,76,132
235,0.0,157.240.7.0-255,66,66,76,132
236,0.023832,104.244.42.0-255,66,132,76,132
237,0.0,104.244.42.0-255,66,66,76,449
238,0.094183,157.240.7.0-255,95,161,76,449
239,0.094201,172.31.40.0-255,66,227,76,449
240,0.098596,157.240.7.0-255,66,293,76,449
241,0.099025,172.31.40.0-255,90,383,76,449
242,0.09904,172.31.40.0-255,66,449,76,449
243,0.0,104.244.42.0-255,66,66,76,647
244,0.0529,31.13.82.0-255,66,132,76,647
245,0.093538,157.240.13.0-255,95,227,76,647
246,0.09356,172.31.40.0-255,66,293,76,647
247,0.096635,157.240.13.0-255,66,359,76,647
248,0.09706,172.31.40.0-255,90,449,76,647
249,0.097083,172.31.40.0-255,66,515,76,647
250,0.098795,157.240.13.0-255,66,581,76,647
251,0.098821,157.240.13.0-255,66,647,76,647
252,0.0,104.244.42.0-255,66,66,76,227
253,0.099484,157.240.7.0-255,95,161,76,227
254,0.099496,172.31.40.0-255,66,227,76,227
255,0.0,104.244.42.0-255,66,66,76,264
256,0.014018,31.13.82.0-255,66,132,76,264
257,0.019508,31.13.82.0-255,66,198,76,264
258,0.056146,31.13.82.0-255,66,264,76,264
259,0.0,157.240.7.0-255,66,66,76,132
260,0.012679,104.244.42.0-255,66,132,76,132
261,0.0,104.244.42.0-255,66,66,76,264
262,0.013095,31.13.82.0-255,66,132,76,264
263,0.015808,31.13.82.0-255,66,198,76,264
264,0.056788,31.13.82.0-255,66,264,76,264
265,0.0,104.244.42.0-255,66,66,76,66
266,0.0,104.244.42.0-255,66,66,76,66
267,0.0,104.244.42.0-255,66,66,76,227
268,0.099895,157.240.7.0-255,95,161,76,227
269,0.099912,172.31.40.0-255,66,227,76,227
270,0.0,104.244.42.0-255,66,66,76,581
271,0.09193,157.240.13.0-255,95,161,76,581
272,0.091948,172.31.40.0-255,66,227,76,581
273,0.094074,157.240.13.0-255,66,293,76,581
274,0.094423,172.31.40.0-255,90,383,76,581
275,0.094434,172.31.40.0-255,66,449,76,581
276,0.095854,157.240.13.0-255,66,515,76,581
277,0.095863,157.240.13.0-255,66,581,76,581
278,0.0,104.244.42.0-255,66,66,76,227
279,0.09825,157.240.7.0-255,95,161,76,227
280,0.098269,172.31.40.0-255,66,227,76,227
281,0.0,104.244.42.0-255,66,66,76,66
282,0.0,157.240.7.0-255,66,66,76,132
283,0.014105,104.244.42.0-255,66,132,76,132
284,0.0,157.240.7.0-255,66,66,76,132
285,0.012674,104.244.42.0-255,66,132,76,132
286,0.0,157.240.7.0-255,66,66,76,132
287,0.011358,104.244.42.0-255,66,132,76,132
288,0.0,104.244.42.0-255,66,66,76,978
289,0.02801,157.240.7.0-255,95,161,76,978
290,0.028019,172.31.40.0-255,66,227,76,978
291,0.033337,157.240.7.0-255,66,293,76,978
292,0.033541,172.31.40.0-255,90,383,76,978
293,0.033552,172.31.40.0-255,66,449,76,978
294,0.035364,157.240.7.0-255,66,515,76,978
295,0.035374,157.240.7.0-255,66,581,76,978
296,0.058771,104.244.42.0-255,172,753,76,978
297,0.058791,172.31.40.0-255,66,819,76,978
298,0.070608,172.31.40.0-255,159,978,76,978
299,0.0,157.240.7.0-255,66,66,76,132
300,0.013982,104.244.42.0-255,66,132,76,132
301,0.0,157.240.7.0-255,66,66,76,132
302,0.012469,104.244.42.0-255,66,132,76,132
303,0.0,104.244.42.0-255,66,66,76,227
304,0.099025,157.240.13.0-255,95,161,76,227
305,0.099043,172.31.40.0-255,66,227,76,227
306,0.0,104.244.42.0-255,66,66,76,198
307,0.010105,31.13.82.0-255,66,132,76,198
308,0.012464,31.13.82.0-255,66,198,76,198
309,0.0,104.244.42.0-255,66,66,76,449
310,0.095454,157.240.7.0-255,95,161,76,449
311,0.095471,172.31.40.0-255,66,227,76,449
312,0.099,157.240.7.0-255,66,293,76,449
313,0.099343,172.31.40.0-255,90,383,76,449
314,0.099355,172.31.40.0-255,66,449,76,449
315,0.0,104.244.42.0-255,66,66,76,293
316,0.054079,31.13.82.0-255,66,132,76,293
317,0.099588,157.240.13.0-255,95,227,76,293
318,0.099607,172.31.40.0-255,66,293,76,293
319,0.0,104.244.42.0-255,66,66,76,264
320,0.014165,31.13.82.0-255,66,132,76,264
321,0.019415,31.13.82.0-255,66,198,76,264
322,0.069675,31.13.82.0-255,66,264,76,264
323,0.0,157.240.7.0-255,66,66,76,132
324,0.015351,104.244.42.0-255,66,132,76,132
325,0.0,104.244.42.0-255,66,66,76,198
326,0.010033,31.13.82.0-255,66,132,76,198
327,0.012546,31.13.82.0-255,66,198,76,198
328,0.0,104.244.42.0-255,66,66,76,227
329,0.097349,157.240.7.0-255,95,161,76,227
330,0.097359,172.31.40.0-255,66,227,76,227
331,0.0,157.240.7.0-255,66,66,76,132
332,0.011044,104.244.42.0-255,66,132,76,132
333,0.0,104.244.42.0-255,66,66,76,66
334,0.0,157.240.7.0-255,66,66,76,132
335,0.016697,104.244.42.0-255,66,132,76,132
336,0.0,104.244.42.0-255,66,66,76,227
337,0.095803,157.240.7.0-255,95,161,76,227
338,0.095818,172.31.40.0-255,66,227,76,227
339,0.0,104.244.42.0-255,66,66,76,581
340,0.088529,157.240.7.0-255,95,161,76,581
341,0.088538,172.31.40.0-255,66,227,76,581
342,0.093025,157.240.7.0-255,66,293,76,581
343,0.093224,172.31.40.0-255,90,383,76,581
344,0.093234,172.31.40.0-255,66,449,76,581
345,0.095039,157.240.7.0-255,66,515,76,581
346,0.095049,157.240.7.0-255,66,581,76,581
347,0.0,104.244.42.0-255,66,66,76,227
348,0.095284,157.240.7.0-255,95,161,76,227
349,0.095303,172.31.40.0-255,66,227,76,227
350,0.0,104.244.42.0-255,66,66,76,227
351,0.09985,157.240.7.0-255,95,161,76,227
352,0.099869,172.31.40.0-255,66,227,76,227
353,0.0,157.240.7.0-255,66,66,76,132
354,0.01944,104.244.42.0-255,66,132,76,132
355,0.0,157.240.7.0-255,66,66,76,132
356,0.015054,104.244.42.0-255,66,132,76,132
357,0.0,104.244.42.0-255,66,66,76,227
358,0.096215,157.240.7.0-255,95,161,76,227
359,0.096224,172.31.40.0-255,66,227,76,227
360,0.0,104.244.42.0-255,66,66,76,132
361,0.057064,31.13.82.0-255,66,132,76,132
362,0.0,104.244.42.0-255,66,66,76,581
363,0.090166,157.240.7.0-255,95,161,76,581
364,0.090187,172.31.40.0-255,66,227,76,581
365,0.096131,157.240.7.0-255,66,293,76,581
366,0.096412,172.31.40.0-255,90,383,76,581
367,0.096425,172.31.40.0-255,66,449,76,581
368,0.098554,157.240.7.0-255,66,515,76,581
369,0.098564,157.240.7.0-255,66,581,76,581
370,0.0,104.244.42.0-255,66,66,76,581
371,0.088082,157.240.7.0-255,95,161,76,581
372,0.088099,172.31.40.0-255,66,227,76,581
373,0.091078,157.240.7.0-255,66,293,76,581
374,0.09133,172.31.40.0-255,90,383,76,581
375,0.091342,172.31.40.0-255,66,449,76,581
376,0.093148,157.240.7.0-255,66,515,76,581
377,0.093159,157.240.7.0-255,66,581,76,581
378,0.0,157.240.7.0-255,66,66,76,132
379,0.016112,104.244.42.0-255,66,132,76,132
380,0.0,104.244.42.0-255,66,66,76,227
381,0.099582,157.240.7.0-255,95,161,76,227
382,0.099599,172.31.40.0-255,66,227,76,227
383,0.0,104.244.42.0-255,66,66,76,66
384,0.0,157.240.13.0-255,66,66,76,264
385,0.024861,104.244.42.0-255,66,132,76,264
386,0.036623,31.13.82.0-255,66,198,76,264
387,0.040947,31.13.82.0-255,66,264,76,264
388,0.0,104.244.42.0-255,66,66,76,66
389,0.0,157.240.7.0-255,66,66,76,132
390,0.013073,104.244.42.0-255,66,132,76,132
