,TIME,SRC,PACKET_SIZE,CUMULATIVE_PACKET_SIZE,PAGE_NUMBER,TOTAL_PACKET_SIZE
0,0.0,104.244.42.0-255,66,66,37,198
1,0.011699,31.13.82.0-255,66,132,37,198
2,0.015634,31.13.82.0-255,66,198,37,198
3,0.0,157.240.7.0-255,66,66,37,132
4,0.01811,104.244.42.0-255,66,132,37,132
5,0.0,157.240.7.0-255,66,66,37,132
6,0.004523,104.244.42.0-255,66,132,37,132
7,0.0,104.244.42.0-255,66,66,37,198
8,0.024541,31.13.82.0-255,66,132,37,198
9,0.0284,31.13.82.0-255,66,198,37,198
10,0.0,172.31.33.0-255,598,598,37,897
11,0.001953,157.240.7.0-255,101,699,37,897
12,0.00198,172.31.33.0-255,66,765,37,897
13,0.00502,157.240.7.0-255,66,831,37,897
14,0.011637,104.244.42.0-255,66,897,37,897
15,0.0,157.240.7.0-255,66,66,37,132
16,0.006471,104.244.42.0-255,66,132,37,132
17,0.0,157.240.7.0-255,66,66,37,132
18,0.003196,104.244.42.0-255,66,132,37,132
19,0.0,157.240.7.0-255,66,66,37,132
20,0.002848,104.244.42.0-255,66,132,37,132
21,0.0,157.240.7.0-255,66,66,37,132
22,0.01832,104.244.42.0-255,66,132,37,132
23,0.0,104.244.42.0-255,66,66,37,66
24,0.0,157.240.13.0-255,66,66,37,132
25,0.010465,104.244.42.0-255,66,132,37,132
26,0.0,157.240.13.0-255,66,66,37,264
27,0.006892,104.244.42.0-255,66,132,37,264
28,0.026693,31.13.82.0-255,66,198,37,264
29,0.03131,31.13.82.0-255,66,264,37,264
30,0.0,157.240.7.0-255,66,66,37,132
31,0.006343,104.244.42.0-255,66,132,37,132
32,0.0,104.244.42.0-255,66,66,37,66
33,0.0,104.244.42.0-255,66,66,37,198
34,0.012468,31.13.82.0-255,66,132,37,198
35,0.01615,31.13.82.0-255,66,198,37,198
36,0.0,157.240.7.0-255,66,66,37,132
37,0.013427,104.244.42.0-255,66,132,37,132
38,0.0,172.31.33.0-255,105,105,37,2985
39,3.5e-05,172.31.33.0-255,105,210,37,2985
40,6e-05,172.31.33.0-255,105,315,37,2985
41,0.00018,172.31.33.0-255,112,427,37,2985
42,0.00021,172.31.33.0-255,112,539,37,2985
43,0.000479,172.31.33.0-255,90,629,37,2985
44,0.00049,172.31.33.0-255,66,695,37,2985
45,0.000695,172.31.33.0-255,97,792,37,2985
46,0.000704,172.31.33.0-255,66,858,37,2985
47,0.001065,172.31.33.0-255,97,955,37,2985
48,0.001075,172.31.33.0-255,66,1021,37,2985
49,0.001207,172.31.33.0-255,90,1111,37,2985
50,0.001215,172.31.33.0-255,66,1177,37,2985
51,0.001407,172.31.33.0-255,90,1267,37,2985
52,0.001414,172.31.33.0-255,66,1333,37,2985
53,0.001537,117.18.237.0-255,90,1423,37,2985
54,0.001562,172.31.33.0-255,54,1477,37,2985
55,0.001569,117.18.237.0-255,66,1543,37,2985
56,0.001574,172.31.33.0-255,54,1597,37,2985
57,0.002088,172.217.27.0-255,66,1663,37,2985
58,0.002099,172.217.27.0-255,66,1729,37,2985
59,0.002106,172.31.33.0-255,66,1795,37,2985
60,0.002657,104.244.42.0-255,66,1861,37,2985
61,0.002681,104.244.42.0-255,66,1927,37,2985
62,0.002687,104.244.42.0-255,97,2024,37,2985
63,0.002694,172.31.33.0-255,54,2078,37,2985
64,0.002745,104.244.42.0-255,97,2175,37,2985
65,0.00275,172.31.33.0-255,54,2229,37,2985
66,0.002833,117.18.237.0-255,66,2295,37,2985
67,0.002837,172.31.33.0-255,54,2349,37,2985
68,0.00284,104.244.42.0-255,66,2415,37,2985
69,0.002842,172.31.33.0-255,54,2469,37,2985
70,0.002844,104.244.42.0-255,66,2535,37,2985
71,0.002847,172.31.33.0-255,54,2589,37,2985
72,0.003436,172.217.194.0-255,66,2655,37,2985
73,0.003467,172.217.194.0-255,66,2721,37,2985
74,0.003474,172.31.33.0-255,66,2787,37,2985
75,0.008806,104.244.42.0-255,66,2853,37,2985
76,0.02953,31.13.82.0-255,66,2919,37,2985
77,0.033713,31.13.82.0-255,66,2985,37,2985
78,0.0,104.244.42.0-255,66,66,37,66
79,0.0,172.31.33.0-255,121,121,37,599
80,0.00186,157.240.7.0-255,66,187,37,599
81,0.003522,172.31.33.0-255,101,288,37,599
82,0.003972,172.31.33.0-255,96,384,37,599
83,0.005799,157.240.7.0-255,66,450,37,599
84,0.009536,172.31.33.0-255,149,599,37,599
85,0.0,157.240.7.0-255,66,66,37,132
86,0.004864,104.244.42.0-255,66,132,37,132
87,0.0,104.244.42.0-255,66,66,37,198
88,0.01894,31.13.82.0-255,66,132,37,198
89,0.023109,31.13.82.0-255,66,198,37,198
90,0.0,157.240.7.0-255,66,66,37,132
91,0.00553,104.244.42.0-255,66,132,37,132
92,0.0,157.240.7.0-255,66,66,37,132
93,0.00363,104.244.42.0-255,66,132,37,132
94,0.0,157.240.7.0-255,66,66,37,132
95,0.003217,104.244.42.0-255,66,132,37,132
96,0.0,104.244.42.0-255,66,66,37,66
97,0.0,157.240.7.0-255,66,66,37,132
98,0.01176,104.244.42.0-255,66,132,37,132
99,0.0,157.240.7.0-255,66,66,37,132
100,0.004443,104.244.42.0-255,66,132,37,132
101,0.0,157.240.7.0-255,66,66,37,132
102,0.005413,104.244.42.0-255,66,132,37,132
103,0.0,157.240.7.0-255,66,66,37,132
104,0.006438,104.244.42.0-255,66,132,37,132
105,0.0,172.31.33.0-255,122,122,37,599
106,0.001706,157.240.7.0-255,66,188,37,599
107,0.01233,172.31.33.0-255,101,289,37,599
108,0.016236,172.31.33.0-255,96,385,37,599
109,0.017948,157.240.7.0-255,66,451,37,599
110,0.021345,172.31.33.0-255,148,599,37,599
111,0.0,104.244.42.0-255,66,66,37,198
112,0.02073,31.13.82.0-255,66,132,37,198
113,0.024484,31.13.82.0-255,66,198,37,198
114,0.0,157.240.7.0-255,66,66,37,264
115,0.003357,104.244.42.0-255,66,132,37,264
116,0.02112,31.13.82.0-255,66,198,37,264
117,0.024873,31.13.82.0-255,66,264,37,264
118,0.0,157.240.7.0-255,66,66,37,132
119,0.005422,104.244.42.0-255,66,132,37,132
120,0.0,157.240.13.0-255,66,66,37,132
121,0.004894,104.244.42.0-255,66,132,37,132
122,0.0,157.240.7.0-255,66,66,37,132
123,0.006355,104.244.42.0-255,66,132,37,132
124,0.0,157.240.7.0-255,66,66,37,132
125,0.004879,104.244.42.0-255,66,132,37,132
126,0.0,104.244.42.0-255,66,66,37,66
127,0.0,157.240.7.0-255,66,66,37,132
128,0.004194,104.244.42.0-255,66,132,37,132
129,0.0,157.240.7.0-255,66,66,37,132
130,0.004355,104.244.42.0-255,66,132,37,132
131,0.0,157.240.13.0-255,66,66,37,132
132,0.008486,104.244.42.0-255,66,132,37,132
133,0.0,157.240.7.0-255,66,66,37,132
134,0.004608,104.244.42.0-255,66,132,37,132
135,0.0,157.240.13.0-255,66,66,37,132
136,0.004267,104.244.42.0-255,66,132,37,132
137,0.0,172.31.33.0-255,149,149,37,215
138,0.015358,157.240.13.0-255,66,215,37,215
139,0.0,157.240.7.0-255,66,66,37,132
140,0.016879,104.244.42.0-255,66,132,37,132
141,0.0,157.240.7.0-255,66,66,37,132
142,0.004117,104.244.42.0-255,66,132,37,132
143,0.0,104.244.42.0-255,66,66,37,66
144,0.0,157.240.7.0-255,66,66,37,132
145,0.004978,104.244.42.0-255,66,132,37,132
146,0.0,157.240.7.0-255,66,66,37,264
147,0.005469,104.244.42.0-255,66,132,37,264
148,0.022371,31.13.82.0-255,66,198,37,264
149,0.026612,31.13.82.0-255,66,264,37,264
150,0.0,157.240.7.0-255,66,66,37,132
151,0.007347,104.244.42.0-255,66,132,37,132
152,0.0,104.244.42.0-255,66,66,37,66
153,0.0,157.240.7.0-255,66,66,37,264
154,0.003263,104.244.42.0-255,66,132,37,264
155,0.020555,31.13.82.0-255,66,198,37,264
156,0.02511,31.13.82.0-255,66,264,37,264
157,0.0,157.240.7.0-255,66,66,37,132
158,0.004737,104.244.42.0-255,66,132,37,132
159,0.0,157.240.13.0-255,66,66,37,264
160,0.009426,104.244.42.0-255,66,132,37,264
161,0.023312,31.13.82.0-255,66,198,37,264
162,0.027436,31.13.82.0-255,66,264,37,264
163,0.0,157.240.7.0-255,66,66,37,132
164,0.005239,104.244.42.0-255,66,132,37,132
165,0.0,157.240.7.0-255,66,66,37,264
166,0.009994,104.244.42.0-255,66,132,37,264
167,0.022371,31.13.82.0-255,66,198,37,264
168,0.025619,31.13.82.0-255,66,264,37,264
169,0.0,104.244.42.0-255,66,66,37,66
170,0.0,157.240.7.0-255,66,66,37,132
171,0.003861,104.244.42.0-255,66,132,37,132
172,0.0,157.240.7.0-255,66,66,37,132
173,0.012693,104.244.42.0-255,66,132,37,132
174,0.0,157.240.7.0-255,66,66,37,132
175,0.005345,104.244.42.0-255,66,132,37,132
176,0.0,157.240.7.0-255,66,66,37,264
177,0.015517,104.244.42.0-255,66,132,37,264
178,0.021648,31.13.82.0-255,66,198,37,264
179,0.025231,31.13.82.0-255,66,264,37,264
180,0.0,157.240.7.0-255,66,66,37,132
181,0.010552,104.244.42.0-255,66,132,37,132
182,0.0,157.240.7.0-255,66,66,37,132
183,0.006045,104.244.42.0-255,66,132,37,132
184,0.0,157.240.7.0-255,66,66,37,132
185,0.004409,104.244.42.0-255,66,132,37,132
186,0.0,157.240.7.0-255,66,66,37,264
187,0.005396,104.244.42.0-255,66,132,37,264
188,0.022165,31.13.82.0-255,66,198,37,264
189,0.025116,31.13.82.0-255,66,264,37,264
190,0.0,157.240.7.0-255,66,66,37,132
191,0.009109,104.244.42.0-255,66,132,37,132
192,0.0,157.240.7.0-255,66,66,37,132
193,0.006924,104.244.42.0-255,66,132,37,132
194,0.0,104.244.42.0-255,66,66,37,66
195,0.0,157.240.7.0-255,66,66,37,132
196,0.011238,104.244.42.0-255,66,132,37,132
197,0.0,157.240.7.0-255,66,66,37,132
198,0.004876,104.244.42.0-255,66,132,37,132
199,0.0,157.240.7.0-255,66,66,37,132
200,0.012007,104.244.42.0-255,66,132,37,132
201,0.0,104.244.42.0-255,66,66,37,66
202,0.0,104.244.42.0-255,66,66,37,66
203,0.0,157.240.7.0-255,66,66,37,264
204,0.005038,104.244.42.0-255,66,132,37,264
205,0.022819,31.13.82.0-255,66,198,37,264
206,0.025877,31.13.82.0-255,66,264,37,264
207,0.0,157.240.7.0-255,66,66,37,132
208,0.010548,104.244.42.0-255,66,132,37,132
209,0.0,157.240.7.0-255,66,66,37,132
210,0.004809,104.244.42.0-255,66,132,37,132
211,0.0,157.240.7.0-255,66,66,37,132
212,0.003891,104.244.42.0-255,66,132,37,132
213,0.0,104.244.42.0-255,66,66,37,66
214,0.0,157.240.7.0-255,66,66,37,132
215,0.002807,104.244.42.0-255,66,132,37,132
216,0.0,157.240.7.0-255,66,66,37,132
217,0.003181,104.244.42.0-255,66,132,37,132
218,0.0,157.240.13.0-255,66,66,37,132
219,0.013797,104.244.42.0-255,66,132,37,132
220,0.0,104.244.42.0-255,66,66,37,66
221,0.0,157.240.13.0-255,66,66,37,132
222,0.007673,104.244.42.0-255,66,132,37,132
223,0.0,157.240.7.0-255,66,66,37,132
224,0.012426,104.244.42.0-255,66,132,37,132
225,0.0,157.240.7.0-255,66,66,37,264
226,0.009686,104.244.42.0-255,66,132,37,264
227,0.023627,31.13.82.0-255,66,198,37,264
228,0.028681,31.13.82.0-255,66,264,37,264
229,0.0,104.244.42.0-255,66,66,37,66
230,0.0,157.240.7.0-255,66,66,37,1662
231,0.00579,104.244.42.0-255,66,132,37,1662
232,0.017453,172.31.33.0-255,105,237,37,1662
233,0.017572,172.31.33.0-255,105,342,37,1662
234,0.017607,172.31.33.0-255,112,454,37,1662
235,0.017832,172.31.33.0-255,97,551,37,1662
236,0.017842,172.31.33.0-255,66,617,37,1662
237,0.018009,172.31.33.0-255,90,707,37,1662
238,0.018015,172.31.33.0-255,66,773,37,1662
239,0.018172,172.31.33.0-255,90,863,37,1662
240,0.018179,172.31.33.0-255,66,929,37,1662
241,0.019502,104.244.42.0-255,66,995,37,1662
242,0.019531,104.244.42.0-255,97,1092,37,1662
243,0.019552,172.31.33.0-255,54,1146,37,1662
244,0.019629,104.244.42.0-255,66,1212,37,1662
245,0.019634,172.31.33.0-255,54,1266,37,1662
246,0.020181,74.125.130.0-255,66,1332,37,1662
247,0.020198,74.125.130.0-255,66,1398,37,1662
248,0.020209,172.31.33.0-255,66,1464,37,1662
249,0.020275,74.125.24.0-255,66,1530,37,1662
250,0.020288,74.125.24.0-255,66,1596,37,1662
251,0.020299,172.31.33.0-255,66,1662,37,1662
252,0.0,157.240.7.0-255,66,66,37,132
253,0.018517,104.244.42.0-255,66,132,37,132
254,0.0,104.244.42.0-255,66,66,37,198
255,0.023164,31.13.82.0-255,66,132,37,198
256,0.026465,31.13.82.0-255,66,198,37,198
257,0.0,157.240.7.0-255,66,66,37,264
258,0.005136,104.244.42.0-255,66,132,37,264
259,0.023346,31.13.82.0-255,66,198,37,264
260,0.026786,31.13.82.0-255,66,264,37,264
261,0.0,104.244.42.0-255,66,66,37,66
262,0.0,157.240.7.0-255,66,66,37,132
263,0.003319,104.244.42.0-255,66,132,37,132
264,0.0,157.240.7.0-255,66,66,37,132
265,0.004104,104.244.42.0-255,66,132,37,132
266,0.0,157.240.7.0-255,66,66,37,132
267,0.008856,104.244.42.0-255,66,132,37,132
268,0.0,157.240.7.0-255,66,66,37,132
269,0.006591,104.244.42.0-255,66,132,37,132
270,0.0,157.240.7.0-255,66,66,37,132
271,0.00469,104.244.42.0-255,66,132,37,132
272,0.0,157.240.7.0-255,66,66,37,132
273,0.004964,104.244.42.0-255,66,132,37,132
274,0.0,104.244.42.0-255,66,66,37,66
275,0.0,157.240.13.0-255,66,66,37,132
276,0.010781,104.244.42.0-255,66,132,37,132
277,0.0,104.244.42.0-255,66,66,37,66
278,0.0,172.31.33.0-255,149,149,37,281
279,0.018724,31.13.82.0-255,66,215,37,281
280,0.022813,31.13.82.0-255,66,281,37,281
281,0.0,157.240.7.0-255,66,66,37,132
282,0.003559,104.244.42.0-255,66,132,37,132
283,0.0,157.240.7.0-255,66,66,37,132
284,0.003429,104.244.42.0-255,66,132,37,132
285,0.0,157.240.13.0-255,66,66,37,264
286,0.005377,104.244.42.0-255,66,132,37,264
287,0.026871,31.13.82.0-255,66,198,37,264
288,0.032409,31.13.82.0-255,66,264,37,264
289,0.0,157.240.7.0-255,66,66,37,132
290,0.004035,104.244.42.0-255,66,132,37,132
291,0.0,157.240.7.0-255,66,66,37,132
292,0.011045,104.244.42.0-255,66,132,37,132
293,0.0,104.244.42.0-255,66,66,37,198
294,0.017368,31.13.82.0-255,66,132,37,198
295,0.021081,31.13.82.0-255,66,198,37,198
296,0.0,157.240.7.0-255,66,66,37,264
297,0.005558,104.244.42.0-255,66,132,37,264
298,0.03538,31.13.82.0-255,66,198,37,264
299,0.039349,31.13.82.0-255,66,264,37,264
300,0.0,157.240.7.0-255,66,66,37,132
301,0.009822,104.244.42.0-255,66,132,37,132
302,0.0,157.240.7.0-255,66,66,37,132
303,0.004386,104.244.42.0-255,66,132,37,132
304,0.0,157.240.7.0-255,66,66,37,264
305,0.005655,104.244.42.0-255,66,132,37,264
306,0.021094,31.13.82.0-255,66,198,37,264
307,0.02438,31.13.82.0-255,66,264,37,264
308,0.0,157.240.7.0-255,66,66,37,264
309,0.009463,104.244.42.0-255,66,132,37,264
310,0.014242,31.13.82.0-255,66,198,37,264
311,0.018375,31.13.82.0-255,66,264,37,264
312,0.0,157.240.7.0-255,66,66,37,132
313,0.010018,104.244.42.0-255,66,132,37,132
314,0.0,157.240.7.0-255,66,66,37,132
315,0.008937,104.244.42.0-255,66,132,37,132
316,0.0,157.240.7.0-255,66,66,37,132
317,0.009049,104.244.42.0-255,66,132,37,132
318,0.0,104.244.42.0-255,66,66,37,198
319,0.021511,31.13.82.0-255,66,132,37,198
320,0.02644,31.13.82.0-255,66,198,37,198
321,0.0,104.244.42.0-255,66,66,37,198
322,0.029161,31.13.82.0-255,66,132,37,198
323,0.032664,31.13.82.0-255,66,198,37,198
324,0.0,104.244.42.0-255,66,66,37,66
325,0.0,157.240.7.0-255,66,66,37,132
326,0.011861,104.244.42.0-255,66,132,37,132
327,0.0,157.240.7.0-255,66,66,37,132
328,0.004988,104.244.42.0-255,66,132,37,132
329,0.0,157.240.7.0-255,66,66,37,132
330,0.033861,104.244.42.0-255,66,132,37,132
331,0.0,157.240.13.0-255,66,66,37,264
332,0.003908,104.244.42.0-255,66,132,37,264
333,0.02822,31.13.82.0-255,66,198,37,264
334,0.031867,31.13.82.0-255,66,264,37,264
335,0.0,157.240.7.0-255,66,66,37,132
336,0.003345,104.244.42.0-255,66,132,37,132
337,0.0,157.240.7.0-255,66,66,37,264
338,0.009023,104.244.42.0-255,66,132,37,264
339,0.021836,31.13.82.0-255,66,198,37,264
340,0.026095,31.13.82.0-255,66,264,37,264
