,TIME,SRC,PACKET_SIZE,CUMULATIVE_PACKET_SIZE,PAGE_NUMBER,TOTAL_PACKET_SIZE
0,0.0,172.31.36.0-255,74,74,4,74
1,0.0,172.31.36.0-255,74,74,4,74
2,0.0,74.125.24.0-255,66,66,4,66
3,0.0,172.31.36.0-255,606,606,4,2629
4,0.001437,157.240.13.0-255,66,672,4,2629
5,0.001696,157.240.13.0-255,278,950,4,2629
6,0.001725,172.31.36.0-255,66,1016,4,2629
7,0.002446,172.31.36.0-255,130,1146,4,2629
8,0.004754,172.31.36.0-255,236,1382,4,2629
9,0.004781,172.31.36.0-255,538,1920,4,2629
10,0.004825,157.240.13.0-255,230,2150,4,2629
11,0.004875,157.240.13.0-255,140,2290,4,2629
12,0.005443,172.31.36.0-255,66,2356,4,2629
13,0.005525,172.31.36.0-255,97,2453,4,2629
14,0.006206,157.240.13.0-255,66,2519,4,2629
15,0.007429,157.240.13.0-255,110,2629,4,2629
16,0.0,172.31.36.0-255,989,989,4,2382
17,2.6e-05,172.31.36.0-255,177,1166,4,2382
18,9.5e-05,172.31.36.0-255,495,1661,4,2382
19,0.002421,74.125.24.0-255,66,1727,4,2382
20,0.002438,74.125.24.0-255,66,1793,4,2382
21,0.002468,74.125.24.0-255,66,1859,4,2382
22,0.005304,74.125.24.0-255,150,2009,4,2382
23,0.005343,74.125.24.0-255,97,2106,4,2382
24,0.00537,74.125.24.0-255,105,2211,4,2382
25,0.005691,172.31.36.0-255,66,2277,4,2382
26,0.005725,172.31.36.0-255,105,2382,4,2382
27,0.0,172.31.36.0-255,74,74,4,74
28,0.0,172.217.194.0-255,66,66,4,66
29,0.0,172.31.36.0-255,74,74,4,74
30,0.0,172.31.36.0-255,805,805,4,1842
31,4.4e-05,172.31.36.0-255,166,971,4,1842
32,0.0001,172.31.36.0-255,506,1477,4,1842
33,0.001403,172.31.36.0-255,101,1578,4,1842
34,0.00258,172.217.194.0-255,66,1644,4,1842
35,0.002592,172.217.194.0-255,66,1710,4,1842
36,0.002626,172.217.194.0-255,66,1776,4,1842
37,0.003927,172.217.194.0-255,66,1842,4,1842
38,0.0,74.125.24.0-255,66,66,4,140
39,0.009933,172.31.36.0-255,74,140,4,140
40,0.0,172.31.36.0-255,74,74,4,74
41,0.0,172.31.36.0-255,74,74,4,2997
42,0.001546,157.240.13.0-255,74,148,4,2997
43,0.00158,172.31.36.0-255,66,214,4,2997
44,0.003301,172.31.36.0-255,606,820,4,2997
45,0.004754,157.240.13.0-255,66,886,4,2997
46,0.005141,157.240.13.0-255,278,1164,4,2997
47,0.005165,172.31.36.0-255,66,1230,4,2997
48,0.005831,172.31.36.0-255,130,1360,4,2997
49,0.007313,172.31.36.0-255,236,1596,4,2997
50,0.00734,172.31.36.0-255,538,2134,4,2997
51,0.007355,157.240.13.0-255,230,2364,4,2997
52,0.007424,157.240.13.0-255,140,2504,4,2997
53,0.007961,172.31.36.0-255,66,2570,4,2997
54,0.008037,172.31.36.0-255,97,2667,4,2997
55,0.008782,157.240.13.0-255,66,2733,4,2997
56,0.008808,157.240.13.0-255,97,2830,4,2997
57,0.009218,157.240.13.0-255,101,2931,4,2997
58,0.009329,172.31.36.0-255,66,2997,4,2997
59,0.0,172.31.36.0-255,703,703,4,1529
60,9.5e-05,172.31.36.0-255,97,800,4,1529
61,0.002236,172.217.194.0-255,66,866,4,1529
62,0.002313,172.217.194.0-255,66,932,4,1529
63,0.002656,172.31.36.0-255,74,1006,4,1529
64,0.004063,172.217.194.0-255,150,1156,4,1529
65,0.004085,172.217.194.0-255,97,1253,4,1529
66,0.004179,172.217.194.0-255,105,1358,4,1529
67,0.004342,172.31.36.0-255,66,1424,4,1529
68,0.004369,172.31.36.0-255,105,1529,4,1529
69,0.0,172.31.36.0-255,74,74,4,74
70,0.0,172.31.36.0-255,74,74,4,74
71,0.0,172.31.36.0-255,74,74,4,74
72,0.0,172.31.36.0-255,74,74,4,74
73,0.0,31.13.82.0-255,74,74,4,746
74,3.6e-05,172.31.36.0-255,66,140,4,746
75,0.001794,172.31.36.0-255,606,746,4,746
76,0.0,74.125.24.0-255,151,151,4,590
77,3.3e-05,74.125.24.0-255,97,248,4,590
78,0.000107,74.125.24.0-255,105,353,4,590
79,0.000351,172.31.36.0-255,66,419,4,590
80,0.000377,172.31.36.0-255,105,524,4,590
81,0.007641,74.125.24.0-255,66,590,4,590
82,0.0,172.31.36.0-255,74,74,4,74
83,0.0,74.125.24.0-255,66,66,4,66
84,0.0,74.125.24.0-255,66,66,4,66
85,0.0,172.31.36.0-255,74,74,4,74
86,0.0,172.31.36.0-255,74,74,4,74
87,0.0,172.31.36.0-255,74,74,4,74
88,0.0,172.31.36.0-255,74,74,4,74
89,0.0,172.31.36.0-255,74,74,4,74
90,0.0,172.217.194.0-255,150,150,4,589
91,5.8e-05,172.217.194.0-255,97,247,4,589
92,0.000101,172.217.194.0-255,105,352,4,589
93,0.000262,172.31.36.0-255,66,418,4,589
94,0.000298,172.31.36.0-255,105,523,4,589
95,0.006677,172.217.194.0-255,66,589,4,589
96,0.0,172.217.194.0-255,146,146,4,651
97,4.8e-05,172.217.194.0-255,97,243,4,651
98,9e-05,172.217.194.0-255,105,348,4,651
99,0.004166,172.31.36.0-255,66,414,4,651
100,0.004195,172.31.36.0-255,105,519,4,651
101,0.005768,172.217.194.0-255,66,585,4,651
102,0.006712,172.217.194.0-255,66,651,4,651
103,0.0,172.31.36.0-255,74,74,4,74
104,0.0,172.31.36.0-255,74,74,4,1360
105,0.001762,157.240.13.0-255,74,148,4,1360
106,0.00178,172.31.36.0-255,66,214,4,1360
107,0.003607,172.31.36.0-255,606,820,4,1360
108,0.005344,157.240.13.0-255,66,886,4,1360
109,0.006046,157.240.13.0-255,278,1164,4,1360
110,0.006056,172.31.36.0-255,66,1230,4,1360
111,0.008934,172.31.36.0-255,130,1360,4,1360
112,0.0,172.31.36.0-255,74,74,4,74
113,0.0,172.31.36.0-255,74,74,4,74
114,0.0,172.31.36.0-255,74,74,4,74
115,0.0,172.31.36.0-255,225,225,4,1089
116,3.5e-05,172.31.36.0-255,732,957,4,1089
117,0.002472,74.125.68.0-255,66,1023,4,1089
118,0.002483,74.125.68.0-255,66,1089,4,1089
119,0.0,172.31.36.0-255,74,74,4,74
120,0.0,172.31.36.0-255,66,66,4,237
121,4.7e-05,172.31.36.0-255,105,171,4,237
122,0.006209,74.125.130.0-255,66,237,4,237
123,0.0,172.31.36.0-255,74,74,4,74
124,0.0,172.217.24.0-255,66,66,4,66
125,0.0,172.31.36.0-255,74,74,4,2667
126,0.00203,157.240.13.0-255,74,148,4,2667
127,0.002051,172.31.36.0-255,66,214,4,2667
128,0.003682,172.31.36.0-255,606,820,4,2667
129,0.005709,157.240.13.0-255,66,886,4,2667
130,0.006261,157.240.13.0-255,278,1164,4,2667
131,0.006273,172.31.36.0-255,66,1230,4,2667
132,0.006915,172.31.36.0-255,130,1360,4,2667
133,0.008293,172.31.36.0-255,236,1596,4,2667
134,0.008324,172.31.36.0-255,538,2134,4,2667
135,0.009238,157.240.13.0-255,230,2364,4,2667
136,0.009323,157.240.13.0-255,140,2504,4,2667
137,0.009351,172.31.36.0-255,66,2570,4,2667
138,0.009385,172.31.36.0-255,97,2667,4,2667
139,0.0,172.217.194.0-255,66,66,4,233
140,0.006348,172.31.36.0-255,101,167,4,233
141,0.009036,172.217.194.0-255,66,233,4,233
142,0.0,172.31.36.0-255,807,807,4,2200
143,4e-05,172.31.36.0-255,164,971,4,2200
144,0.000135,172.31.36.0-255,508,1479,4,2200
145,0.002313,172.217.194.0-255,66,1545,4,2200
146,0.002326,172.217.194.0-255,66,1611,4,2200
147,0.002434,172.217.194.0-255,66,1677,4,2200
148,0.008018,172.217.194.0-255,150,1827,4,2200
149,0.008057,172.217.194.0-255,97,1924,4,2200
150,0.008074,172.217.194.0-255,105,2029,4,2200
151,0.008295,172.31.36.0-255,66,2095,4,2200
152,0.008328,172.31.36.0-255,105,2200,4,2200
153,0.0,172.31.36.0-255,74,74,4,74
154,0.0,172.31.36.0-255,74,74,4,74
155,0.0,172.31.36.0-255,74,74,4,74
156,0.0,172.31.36.0-255,74,74,4,74
157,0.0,172.31.36.0-255,74,74,4,74
158,0.0,172.217.194.0-255,150,150,4,589
159,1.2e-05,172.217.194.0-255,97,247,4,589
160,7.3e-05,172.217.194.0-255,105,352,4,589
161,0.000367,172.31.36.0-255,66,418,4,589
162,0.000415,172.31.36.0-255,105,523,4,589
163,0.007459,172.217.194.0-255,66,589,4,589
164,0.0,172.31.36.0-255,74,74,4,74
165,0.0,172.253.118.0-255,66,66,4,66
166,0.0,172.31.36.0-255,226,226,4,1090
167,3.8e-05,172.31.36.0-255,732,958,4,1090
168,0.002573,172.217.194.0-255,66,1024,4,1090
169,0.002611,172.217.194.0-255,66,1090,4,1090
170,0.0,74.125.24.0-255,66,66,4,66
171,0.0,31.13.82.0-255,74,74,4,746
172,3.2e-05,172.31.36.0-255,66,140,4,746
173,0.001758,172.31.36.0-255,606,746,4,746
174,0.0,74.125.24.0-255,66,66,4,66
175,0.0,31.13.82.0-255,74,74,4,746
176,4.3e-05,172.31.36.0-255,66,140,4,746
177,0.001797,172.31.36.0-255,606,746,4,746
178,0.0,172.31.36.0-255,74,74,4,74
179,0.0,172.217.194.0-255,66,66,4,651
180,0.001189,172.217.194.0-255,146,212,4,651
181,0.001227,172.217.194.0-255,97,309,4,651
182,0.001261,172.217.194.0-255,105,414,4,651
183,0.003189,172.31.36.0-255,66,480,4,651
184,0.003219,172.31.36.0-255,105,585,4,651
185,0.008951,172.217.194.0-255,66,651,4,651
186,0.0,31.13.82.0-255,74,74,4,746
187,3.5e-05,172.31.36.0-255,66,140,4,746
188,0.0017,172.31.36.0-255,606,746,4,746
189,0.0,172.31.36.0-255,74,74,4,74
190,0.0,172.31.36.0-255,74,74,4,74
191,0.0,172.31.36.0-255,74,74,4,74
192,0.0,172.31.36.0-255,74,74,4,74
193,0.0,31.13.82.0-255,74,74,4,746
194,3e-05,172.31.36.0-255,66,140,4,746
195,0.00239,172.31.36.0-255,606,746,4,746
196,0.0,172.31.36.0-255,74,74,4,74
197,0.0,172.31.36.0-255,74,74,4,74
198,0.0,172.31.36.0-255,74,74,4,74
199,0.0,172.31.36.0-255,74,74,4,74
200,0.0,172.31.36.0-255,74,74,4,74
201,0.0,74.125.200.0-255,66,66,4,66
202,0.0,172.217.27.0-255,66,66,4,132
203,0.000752,172.217.27.0-255,66,132,4,132
204,0.0,31.13.82.0-255,74,74,4,746
205,4.8e-05,172.31.36.0-255,66,140,4,746
206,0.001835,172.31.36.0-255,606,746,4,746
207,0.0,172.31.36.0-255,74,74,4,74
208,0.0,172.31.36.0-255,74,74,4,74
209,0.0,172.31.36.0-255,74,74,4,74
210,0.0,31.13.82.0-255,74,74,4,746
211,4.2e-05,172.31.36.0-255,66,140,4,746
212,0.002737,172.31.36.0-255,606,746,4,746
213,0.0,172.31.36.0-255,74,74,4,74
214,0.0,172.31.36.0-255,74,74,4,74
215,0.0,172.31.36.0-255,74,74,4,74
216,0.0,31.13.82.0-255,74,74,4,746
217,2.1e-05,172.31.36.0-255,66,140,4,746
218,0.001755,172.31.36.0-255,606,746,4,746
219,0.0,74.125.24.0-255,66,66,4,66
220,0.0,172.217.194.0-255,66,66,4,66
221,0.0,74.125.200.0-255,145,145,4,1617
222,5e-05,74.125.200.0-255,97,242,4,1617
223,9e-05,74.125.200.0-255,105,347,4,1617
224,0.002865,172.31.36.0-255,66,413,4,1617
225,0.002906,172.31.36.0-255,105,518,4,1617
226,0.006256,172.31.36.0-255,694,1212,4,1617
227,0.006368,172.31.36.0-255,97,1309,4,1617
228,0.008271,74.125.200.0-255,66,1375,4,1617
229,0.009933,74.125.200.0-255,145,1520,4,1617
230,0.009957,74.125.200.0-255,97,1617,4,1617
231,0.0,172.217.194.0-255,66,66,4,66
232,0.0,74.125.24.0-255,66,66,4,66
233,0.0,31.13.82.0-255,74,74,4,746
234,4.2e-05,172.31.36.0-255,66,140,4,746
235,0.001897,172.31.36.0-255,606,746,4,746
236,0.0,172.31.36.0-255,66,66,4,237
237,5.9e-05,172.31.36.0-255,105,171,4,237
238,0.007055,74.125.130.0-255,66,237,4,237
239,0.0,172.217.194.0-255,66,66,4,655
240,0.00162,172.217.194.0-255,150,216,4,655
241,0.001633,172.217.194.0-255,97,313,4,655
242,0.001698,172.217.194.0-255,105,418,4,655
243,0.001978,172.31.36.0-255,66,484,4,655
244,0.002027,172.31.36.0-255,105,589,4,655
245,0.007976,172.217.194.0-255,66,655,4,655
246,0.0,74.125.24.0-255,97,97,4,439
247,6.9e-05,74.125.24.0-255,105,202,4,439
248,0.002525,172.31.36.0-255,66,268,4,439
249,0.002573,172.31.36.0-255,105,373,4,439
250,0.004891,74.125.24.0-255,66,439,4,439
251,0.0,172.31.36.0-255,74,74,4,74
252,0.0,172.31.36.0-255,74,74,4,74
253,0.0,172.31.36.0-255,74,74,4,74
254,0.0,172.31.36.0-255,74,74,4,74
255,0.0,172.31.36.0-255,74,74,4,74
256,0.0,74.125.130.0-255,146,146,4,806
257,2e-05,74.125.130.0-255,207,353,4,806
258,2.4e-05,74.125.130.0-255,111,464,4,806
259,8.3e-05,74.125.130.0-255,105,569,4,806
260,0.000653,172.31.36.0-255,66,635,4,806
261,0.000699,172.31.36.0-255,105,740,4,806
262,0.007591,74.125.130.0-255,66,806,4,806
263,0.0,172.31.36.0-255,74,74,4,74
264,0.0,74.125.130.0-255,154,154,4,1903
265,3.8e-05,74.125.130.0-255,97,251,4,1903
266,8.2e-05,74.125.130.0-255,105,356,4,1903
267,0.002768,172.31.36.0-255,66,422,4,1903
268,0.002812,172.31.36.0-255,105,527,4,1903
269,0.004933,172.31.36.0-255,686,1213,4,1903
270,0.005038,172.31.36.0-255,97,1310,4,1903
271,0.007334,74.125.130.0-255,66,1376,4,1903
272,0.00894,74.125.130.0-255,154,1530,4,1903
273,0.008989,74.125.130.0-255,97,1627,4,1903
274,0.009067,74.125.130.0-255,105,1732,4,1903
275,0.009226,172.31.36.0-255,66,1798,4,1903
276,0.009264,172.31.36.0-255,105,1903,4,1903
277,0.0,172.31.36.0-255,804,804,4,3344
278,3.1e-05,172.31.36.0-255,164,968,4,3344
279,0.000112,172.31.36.0-255,508,1476,4,3344
280,0.002026,74.125.24.0-255,66,1542,4,3344
281,0.002041,74.125.24.0-255,66,1608,4,3344
282,0.002094,74.125.24.0-255,66,1674,4,3344
283,0.005014,172.31.36.0-255,695,2369,4,3344
284,0.005149,172.31.36.0-255,97,2466,4,3344
285,0.006618,74.125.24.0-255,138,2604,4,3344
286,0.006666,74.125.24.0-255,97,2701,4,3344
287,0.00673,74.125.24.0-255,105,2806,4,3344
288,0.006889,172.31.36.0-255,66,2872,4,3344
289,0.006924,172.31.36.0-255,105,2977,4,3344
290,0.00738,74.125.24.0-255,66,3043,4,3344
291,0.008654,74.125.24.0-255,138,3181,4,3344
292,0.008703,74.125.24.0-255,97,3278,4,3344
293,0.008814,172.31.36.0-255,66,3344,4,3344
294,0.0,74.125.68.0-255,66,66,4,717
295,0.000752,74.125.68.0-255,66,132,4,717
296,0.000841,74.125.68.0-255,66,198,4,717
297,0.003145,74.125.68.0-255,146,344,4,717
298,0.003176,74.125.68.0-255,97,441,4,717
299,0.003287,74.125.68.0-255,105,546,4,717
300,0.00742,172.31.36.0-255,66,612,4,717
301,0.00749,172.31.36.0-255,105,717,4,717
302,0.0,31.13.82.0-255,74,74,4,746
303,4.1e-05,172.31.36.0-255,66,140,4,746
304,0.001792,172.31.36.0-255,606,746,4,746
305,0.0,172.217.24.0-255,66,66,4,66
306,0.0,172.31.36.0-255,795,795,4,2187
307,3e-05,172.31.36.0-255,177,972,4,2187
308,0.00011,172.31.36.0-255,495,1467,4,2187
309,0.002043,172.217.194.0-255,66,1533,4,2187
310,0.002078,172.217.194.0-255,66,1599,4,2187
311,0.002143,172.217.194.0-255,66,1665,4,2187
312,0.004769,172.217.194.0-255,149,1814,4,2187
313,0.004831,172.217.194.0-255,97,1911,4,2187
314,0.004848,172.217.194.0-255,105,2016,4,2187
315,0.005084,172.31.36.0-255,66,2082,4,2187
316,0.005122,172.31.36.0-255,105,2187,4,2187
317,0.0,172.31.36.0-255,74,74,4,74
318,0.0,172.31.36.0-255,130,130,4,1493
319,0.001789,157.240.13.0-255,230,360,4,1493
320,0.001876,157.240.13.0-255,140,500,4,1493
321,0.009548,172.31.36.0-255,236,736,4,1493
322,0.009601,172.31.36.0-255,539,1275,4,1493
323,0.009646,157.240.13.0-255,140,1415,4,1493
324,0.009659,172.31.36.0-255,78,1493,4,1493
325,0.0,172.31.36.0-255,74,74,4,74
326,0.0,172.31.36.0-255,66,66,4,237
327,2.9e-05,172.31.36.0-255,105,171,4,237
328,0.006572,74.125.24.0-255,66,237,4,237
329,0.0,172.31.36.0-255,808,808,4,2192
330,3.4e-05,172.31.36.0-255,164,972,4,2192
331,0.000114,172.31.36.0-255,508,1480,4,2192
332,0.002351,172.217.194.0-255,66,1546,4,2192
333,0.002374,172.217.194.0-255,66,1612,4,2192
334,0.002452,172.217.194.0-255,66,1678,4,2192
335,0.005609,172.217.194.0-255,141,1819,4,2192
336,0.005962,172.217.194.0-255,97,1916,4,2192
337,0.006057,172.217.194.0-255,105,2021,4,2192
338,0.006167,172.31.36.0-255,66,2087,4,2192
339,0.00621,172.31.36.0-255,105,2192,4,2192
340,0.0,172.31.36.0-255,74,74,4,74
341,0.0,172.31.36.0-255,74,74,4,74
342,0.0,172.31.36.0-255,74,74,4,74
343,0.0,172.31.36.0-255,74,74,4,74
344,0.0,172.31.36.0-255,74,74,4,74
345,0.0,172.31.36.0-255,74,74,4,74
346,0.0,31.13.82.0-255,74,74,4,746
347,2.1e-05,172.31.36.0-255,66,140,4,746
348,0.001744,172.31.36.0-255,606,746,4,746
349,0.0,172.31.36.0-255,74,74,4,74
350,0.0,172.31.36.0-255,74,74,4,74
351,0.0,172.31.36.0-255,74,74,4,74
352,0.0,172.31.36.0-255,74,74,4,74
353,0.0,172.31.36.0-255,74,74,4,74
354,0.0,31.13.82.0-255,74,74,4,746
355,3.2e-05,172.31.36.0-255,66,140,4,746
356,0.0027,172.31.36.0-255,606,746,4,746
357,0.0,31.13.82.0-255,74,74,4,746
358,4.3e-05,172.31.36.0-255,66,140,4,746
359,0.001863,172.31.36.0-255,606,746,4,746
360,0.0,157.240.13.0-255,74,74,4,2528
361,1.8e-05,172.31.36.0-255,66,140,4,2528
362,0.003354,172.31.36.0-255,606,746,4,2528
363,0.005383,157.240.13.0-255,66,812,4,2528
364,0.005655,157.240.13.0-255,278,1090,4,2528
365,0.00567,172.31.36.0-255,66,1156,4,2528
366,0.006686,172.31.36.0-255,130,1286,4,2528
367,0.008767,172.31.36.0-255,236,1522,4,2528
368,0.008773,157.240.13.0-255,230,1752,4,2528
369,0.0088,172.31.36.0-255,539,2291,4,2528
370,0.00883,157.240.13.0-255,140,2431,4,2528
371,0.009419,172.31.36.0-255,97,2528,4,2528
372,0.0,172.31.36.0-255,74,74,4,74
373,0.0,172.31.36.0-255,74,74,4,74
