,TIME,SRC,PACKET_SIZE,CUMULATIVE_PACKET_SIZE,PAGE_NUMBER,TOTAL_PACKET_SIZE
0,0.0,172.31.33.0-255,226,226,29,393
1,0.002428,157.240.7.0-255,101,327,29,393
2,0.002445,172.31.33.0-255,66,393,29,393
3,0.0,74.125.68.0-255,66,66,29,66
4,0.0,172.31.33.0-255,669,669,29,1647
5,0.000126,172.31.33.0-255,97,766,29,1647
6,0.002269,172.217.194.0-255,66,832,29,1647
7,0.002366,172.217.194.0-255,66,898,29,1647
8,0.003507,172.31.33.0-255,226,1124,29,1647
9,0.004059,172.217.194.0-255,150,1274,29,1647
10,0.004084,172.217.194.0-255,97,1371,29,1647
11,0.00414,172.217.194.0-255,105,1476,29,1647
12,0.005578,172.31.33.0-255,66,1542,29,1647
13,0.005629,172.31.33.0-255,105,1647,29,1647
14,0.0,172.31.33.0-255,105,105,29,779
15,6.7e-05,172.31.33.0-255,105,210,29,779
16,0.00155,157.240.7.0-255,105,315,29,779
17,0.001564,172.31.33.0-255,66,381,29,779
18,0.002074,157.240.13.0-255,105,486,29,779
19,0.002082,172.31.33.0-255,66,552,29,779
20,0.00665,172.31.33.0-255,227,779,29,779
21,0.0,157.240.7.0-255,197,197,29,427
22,1.3e-05,172.31.33.0-255,66,263,29,427
23,0.009295,172.31.33.0-255,164,427,29,427
24,0.0,157.240.7.0-255,197,197,29,427
25,2.7e-05,172.31.33.0-255,66,263,29,427
26,0.008715,172.31.33.0-255,164,427,29,427
27,0.0,172.31.33.0-255,226,226,29,226
28,0.0,157.240.7.0-255,197,197,29,263
29,3.7e-05,172.31.33.0-255,66,263,29,263
30,0.0,157.240.7.0-255,213,213,29,279
31,3.6e-05,172.31.33.0-255,66,279,29,279
32,0.0,74.125.68.0-255,97,97,29,556
33,6.6e-05,74.125.68.0-255,105,202,29,556
34,0.006668,172.31.33.0-255,66,268,29,556
35,0.006707,172.31.33.0-255,105,373,29,556
36,0.008344,74.125.68.0-255,105,478,29,556
37,0.008356,172.31.33.0-255,78,556,29,556
38,0.0,172.217.194.0-255,66,66,29,66
39,0.0,172.31.33.0-255,699,699,29,1691
40,0.000115,172.31.33.0-255,97,796,29,1691
41,0.001902,172.217.24.0-255,66,862,29,1691
42,0.001986,172.217.24.0-255,66,928,29,1691
43,0.002467,172.31.33.0-255,246,1174,29,1691
44,0.004372,172.217.24.0-255,144,1318,29,1691
45,0.004419,172.217.24.0-255,97,1415,29,1691
46,0.004443,172.217.24.0-255,105,1520,29,1691
47,0.004663,172.31.33.0-255,66,1586,29,1691
48,0.0047,172.31.33.0-255,105,1691,29,1691
49,0.0,172.31.33.0-255,227,227,29,394
50,0.002087,157.240.7.0-255,101,328,29,394
51,0.002117,172.31.33.0-255,66,394,29,394
52,0.0,157.240.7.0-255,197,197,29,263
53,2e-05,172.31.33.0-255,66,263,29,263
54,0.0,74.125.24.0-255,66,66,29,66
55,0.0,31.13.82.0-255,101,101,29,167
56,1.8e-05,172.31.33.0-255,66,167,29,167
57,0.0,172.31.33.0-255,226,226,29,393
58,0.006338,157.240.13.0-255,101,327,29,393
59,0.006377,172.31.33.0-255,66,393,29,393
60,0.0,74.125.24.0-255,141,141,29,807
61,1.5e-05,74.125.24.0-255,97,238,29,807
62,7.8e-05,74.125.24.0-255,105,343,29,807
63,0.000344,172.31.33.0-255,66,409,29,807
64,0.000376,172.31.33.0-255,105,514,29,807
65,0.007493,74.125.24.0-255,66,580,29,807
66,0.009635,172.31.33.0-255,227,807,29,807
67,0.0,172.31.33.0-255,297,297,29,464
68,0.001864,157.240.7.0-255,101,398,29,464
69,0.00188,172.31.33.0-255,66,464,29,464
70,0.0,172.217.194.0-255,66,66,29,722
71,8.1e-05,172.217.194.0-255,66,132,29,722
72,8.5e-05,172.217.194.0-255,66,198,29,722
73,0.004534,172.217.194.0-255,151,349,29,722
74,0.004561,172.217.194.0-255,97,446,29,722
75,0.004628,172.217.194.0-255,105,551,29,722
76,0.004916,172.31.33.0-255,66,617,29,722
77,0.004965,172.31.33.0-255,105,722,29,722
78,0.0,172.217.194.0-255,66,66,29,293
79,0.009047,172.31.33.0-255,227,293,29,293
80,0.0,157.240.7.0-255,197,197,29,263
81,2.3e-05,172.31.33.0-255,66,263,29,263
82,0.0,172.31.33.0-255,227,227,29,394
83,0.002441,157.240.7.0-255,101,328,29,394
84,0.002454,172.31.33.0-255,66,394,29,394
85,0.0,172.31.33.0-255,225,225,29,392
86,0.001707,157.240.7.0-255,101,326,29,392
87,0.001737,172.31.33.0-255,66,392,29,392
88,0.0,157.240.7.0-255,101,101,29,167
89,1.2e-05,172.31.33.0-255,66,167,29,167
90,0.0,157.240.7.0-255,213,213,29,279
91,2.5e-05,172.31.33.0-255,66,279,29,279
92,0.0,172.31.33.0-255,276,276,29,443
93,0.002129,157.240.7.0-255,101,377,29,443
94,0.002141,172.31.33.0-255,66,443,29,443
95,0.0,172.31.33.0-255,226,226,29,393
96,0.002353,157.240.7.0-255,101,327,29,393
97,0.002369,172.31.33.0-255,66,393,29,393
98,0.0,172.31.33.0-255,226,226,29,393
99,0.00201,157.240.7.0-255,101,327,29,393
100,0.002027,172.31.33.0-255,66,393,29,393
101,0.0,157.240.7.0-255,197,197,29,263
102,2.1e-05,172.31.33.0-255,66,263,29,263
103,0.0,172.31.33.0-255,225,225,29,392
104,0.002053,157.240.13.0-255,101,326,29,392
105,0.002068,172.31.33.0-255,66,392,29,392
106,0.0,157.240.7.0-255,197,197,29,263
107,1.7e-05,172.31.33.0-255,66,263,29,263
108,0.0,157.240.7.0-255,101,101,29,167
109,1.8e-05,172.31.33.0-255,66,167,29,167
110,0.0,74.125.200.0-255,66,66,29,66
111,0.0,172.217.194.0-255,148,148,29,587
112,6.3e-05,172.217.194.0-255,97,245,29,587
113,0.000146,172.217.194.0-255,105,350,29,587
114,0.000396,172.31.33.0-255,66,416,29,587
115,0.000439,172.31.33.0-255,105,521,29,587
116,0.006446,172.217.194.0-255,66,587,29,587
117,0.0,172.31.33.0-255,97,97,29,684
118,0.002466,172.217.194.0-255,66,163,29,684
119,0.005027,172.217.194.0-255,148,311,29,684
120,0.005075,172.217.194.0-255,97,408,29,684
121,0.005121,172.217.194.0-255,105,513,29,684
122,0.005281,172.31.33.0-255,66,579,29,684
123,0.005313,172.31.33.0-255,105,684,29,684
124,0.0,157.240.13.0-255,101,101,29,167
125,1.5e-05,172.31.33.0-255,66,167,29,167
126,0.0,172.31.33.0-255,297,297,29,530
127,0.001759,157.240.7.0-255,101,398,29,530
128,0.00177,172.31.33.0-255,66,464,29,530
129,0.003659,172.31.33.0-255,66,530,29,530
130,0.0,31.13.82.0-255,101,101,29,167
131,2.6e-05,172.31.33.0-255,66,167,29,167
132,0.0,172.31.33.0-255,276,276,29,443
133,0.002054,157.240.13.0-255,101,377,29,443
134,0.002068,172.31.33.0-255,66,443,29,443
135,0.0,172.31.33.0-255,227,227,29,394
136,0.001949,157.240.7.0-255,101,328,29,394
137,0.001989,172.31.33.0-255,66,394,29,394
138,0.0,172.31.33.0-255,227,227,29,394
139,0.002388,157.240.13.0-255,101,328,29,394
140,0.002402,172.31.33.0-255,66,394,29,394
141,0.0,172.217.194.0-255,66,66,29,1483
142,0.000174,172.31.33.0-255,669,735,29,1483
143,0.000293,172.31.33.0-255,97,832,29,1483
144,0.002422,172.217.194.0-255,66,898,29,1483
145,0.002742,172.217.194.0-255,66,964,29,1483
146,0.00432,172.217.194.0-255,146,1110,29,1483
147,0.004347,172.217.194.0-255,97,1207,29,1483
148,0.004383,172.217.194.0-255,105,1312,29,1483
149,0.004979,172.31.33.0-255,66,1378,29,1483
150,0.005024,172.31.33.0-255,105,1483,29,1483
151,0.0,172.31.33.0-255,247,247,29,414
152,0.002012,157.240.7.0-255,101,348,29,414
153,0.002024,172.31.33.0-255,66,414,29,414
154,0.0,172.31.33.0-255,227,227,29,394
155,0.002168,157.240.7.0-255,101,328,29,394
156,0.002184,172.31.33.0-255,66,394,29,394
157,0.0,172.217.194.0-255,97,97,29,175
158,1.6e-05,172.31.33.0-255,78,175,29,175
159,0.0,157.240.7.0-255,197,197,29,427
160,2.9e-05,172.31.33.0-255,66,263,29,427
161,0.008989,172.31.33.0-255,164,427,29,427
162,0.0,172.31.33.0-255,307,307,29,474
163,0.002051,157.240.7.0-255,101,408,29,474
164,0.002069,172.31.33.0-255,66,474,29,474
165,0.0,157.240.7.0-255,197,197,29,263
166,1.6e-05,172.31.33.0-255,66,263,29,263
167,0.0,172.31.33.0-255,225,225,29,392
168,0.002364,157.240.7.0-255,101,326,29,392
169,0.002378,172.31.33.0-255,66,392,29,392
170,0.0,172.31.33.0-255,225,225,29,392
171,0.001996,157.240.7.0-255,101,326,29,392
172,0.002012,172.31.33.0-255,66,392,29,392
173,0.0,157.240.7.0-255,197,197,29,427
174,2.4e-05,172.31.33.0-255,66,263,29,427
175,0.008743,172.31.33.0-255,164,427,29,427
176,0.0,172.253.118.0-255,66,66,29,66
177,0.0,172.31.33.0-255,227,227,29,227
178,0.0,157.240.7.0-255,101,101,29,167
179,1.8e-05,172.31.33.0-255,66,167,29,167
180,0.0,172.31.33.0-255,105,105,29,276
181,0.001785,157.240.7.0-255,105,210,29,276
182,0.001797,172.31.33.0-255,66,276,29,276
183,0.0,74.125.24.0-255,66,66,29,66
184,0.0,74.125.68.0-255,66,66,29,66
185,0.0,172.217.194.0-255,66,66,29,66
186,0.0,74.125.24.0-255,66,66,29,509
187,0.002975,172.31.33.0-255,276,342,29,509
188,0.005035,157.240.7.0-255,101,443,29,509
189,0.005046,172.31.33.0-255,66,509,29,509
190,0.0,157.240.7.0-255,197,197,29,263
191,1.2e-05,172.31.33.0-255,66,263,29,263
192,0.0,157.240.7.0-255,197,197,29,263
193,1.3e-05,172.31.33.0-255,66,263,29,263
194,0.0,157.240.7.0-255,197,197,29,263
195,2.6e-05,172.31.33.0-255,66,263,29,263
196,0.0,172.31.33.0-255,226,226,29,393
197,0.001728,157.240.7.0-255,101,327,29,393
198,0.001753,172.31.33.0-255,66,393,29,393
199,0.0,74.125.24.0-255,66,66,29,510
200,0.004105,172.31.33.0-255,277,343,29,510
201,0.00618,157.240.7.0-255,101,444,29,510
202,0.006191,172.31.33.0-255,66,510,29,510
203,0.0,157.240.7.0-255,197,197,29,263
204,2.4e-05,172.31.33.0-255,66,263,29,263
205,0.0,157.240.7.0-255,197,197,29,427
206,3e-05,172.31.33.0-255,66,263,29,427
207,0.008515,172.31.33.0-255,164,427,29,427
208,0.0,172.31.33.0-255,227,227,29,394
209,0.002022,157.240.7.0-255,101,328,29,394
210,0.00205,172.31.33.0-255,66,394,29,394
211,0.0,172.31.33.0-255,227,227,29,227
212,0.0,172.253.118.0-255,66,66,29,451
213,0.001075,172.253.118.0-255,156,222,29,451
214,0.001102,172.253.118.0-255,97,319,29,451
215,0.003123,172.31.33.0-255,66,385,29,451
216,0.006746,172.253.118.0-255,66,451,29,451
217,0.0,157.240.7.0-255,213,213,29,279
218,2.8e-05,172.31.33.0-255,66,279,29,279
219,0.0,157.240.7.0-255,101,101,29,167
220,1.2e-05,172.31.33.0-255,66,167,29,167
221,0.0,172.31.33.0-255,226,226,29,393
222,0.002096,157.240.7.0-255,101,327,29,393
223,0.002112,172.31.33.0-255,66,393,29,393
224,0.0,157.240.7.0-255,213,213,29,443
225,2.1e-05,172.31.33.0-255,66,279,29,443
226,0.009577,172.31.33.0-255,164,443,29,443
227,0.0,172.31.33.0-255,225,225,29,392
228,0.001703,157.240.7.0-255,101,326,29,392
229,0.00172,172.31.33.0-255,66,392,29,392
230,0.0,172.31.33.0-255,226,226,29,393
231,0.00174,157.240.7.0-255,101,327,29,393
232,0.001757,172.31.33.0-255,66,393,29,393
233,0.0,172.31.33.0-255,227,227,29,394
234,0.001707,157.240.7.0-255,101,328,29,394
235,0.001724,172.31.33.0-255,66,394,29,394
236,0.0,172.31.33.0-255,226,226,29,393
237,0.001772,157.240.7.0-255,101,327,29,393
238,0.001784,172.31.33.0-255,66,393,29,393
239,0.0,74.125.200.0-255,66,66,29,566
240,0.007436,172.31.33.0-255,333,399,29,566
241,0.009816,157.240.7.0-255,101,500,29,566
242,0.009828,172.31.33.0-255,66,566,29,566
243,0.0,172.217.27.0-255,66,66,29,713
244,0.000115,172.217.27.0-255,66,132,29,713
245,0.002253,172.217.27.0-255,142,274,29,713
246,0.002297,172.217.27.0-255,97,371,29,713
247,0.002372,172.217.27.0-255,105,476,29,713
248,0.002676,172.31.33.0-255,66,542,29,713
249,0.002729,172.31.33.0-255,105,647,29,713
250,0.007593,172.217.27.0-255,66,713,29,713
251,0.0,172.31.33.0-255,227,227,29,394
252,0.002358,157.240.7.0-255,101,328,29,394
253,0.002379,172.31.33.0-255,66,394,29,394
254,0.0,157.240.13.0-255,197,197,29,263
255,3.2e-05,172.31.33.0-255,66,263,29,263
256,0.0,157.240.7.0-255,211,211,29,277
257,2e-05,172.31.33.0-255,66,277,29,277
258,0.0,157.240.7.0-255,197,197,29,427
259,2.3e-05,172.31.33.0-255,66,263,29,427
260,0.008522,172.31.33.0-255,164,427,29,427
261,0.0,157.240.7.0-255,213,213,29,279
262,2.6e-05,172.31.33.0-255,66,279,29,279
263,0.0,172.31.33.0-255,105,105,29,276
264,0.001908,157.240.7.0-255,105,210,29,276
265,0.001922,172.31.33.0-255,66,276,29,276
266,0.0,172.31.33.0-255,248,248,29,415
267,0.002,157.240.7.0-255,101,349,29,415
268,0.002012,172.31.33.0-255,66,415,29,415
269,0.0,172.31.33.0-255,226,226,29,226
270,0.0,172.31.33.0-255,225,225,29,392
271,0.002401,157.240.7.0-255,101,326,29,392
272,0.002416,172.31.33.0-255,66,392,29,392
273,0.0,172.31.33.0-255,66,66,29,237
274,3e-05,172.31.33.0-255,105,171,29,237
275,0.007567,74.125.200.0-255,66,237,29,237
276,0.0,74.125.68.0-255,66,66,29,66
277,0.0,74.125.24.0-255,66,66,29,2387
278,0.000351,74.125.24.0-255,278,344,29,2387
279,0.000362,172.31.33.0-255,66,410,29,2387
280,0.006947,172.31.33.0-255,130,540,29,2387
281,0.008607,172.31.33.0-255,236,776,29,2387
282,0.00864,172.31.33.0-255,884,1660,29,2387
283,0.009351,172.31.33.0-255,97,1757,29,2387
284,0.009467,74.125.24.0-255,630,2387,29,2387
285,0.0,157.240.7.0-255,197,197,29,427
286,2.6e-05,172.31.33.0-255,66,263,29,427
287,0.008863,172.31.33.0-255,164,427,29,427
288,0.0,157.240.7.0-255,197,197,29,263
289,2.2e-05,172.31.33.0-255,66,263,29,263
290,0.0,172.31.33.0-255,226,226,29,393
291,0.00176,157.240.7.0-255,101,327,29,393
292,0.001787,172.31.33.0-255,66,393,29,393
293,0.0,172.31.33.0-255,226,226,29,393
294,0.002128,157.240.7.0-255,101,327,29,393
295,0.002166,172.31.33.0-255,66,393,29,393
296,0.0,172.31.33.0-255,226,226,29,393
297,0.001763,157.240.13.0-255,101,327,29,393
298,0.001778,172.31.33.0-255,66,393,29,393
299,0.0,74.125.24.0-255,66,66,29,589
300,0.00152,74.125.24.0-255,150,216,29,589
301,0.001572,74.125.24.0-255,97,313,29,589
302,0.001631,74.125.24.0-255,105,418,29,589
303,0.005772,172.31.33.0-255,66,484,29,589
304,0.005823,172.31.33.0-255,105,589,29,589
305,0.0,172.217.194.0-255,66,66,29,484
306,0.001668,172.217.194.0-255,150,216,29,484
307,0.001711,172.217.194.0-255,97,313,29,484
308,0.002246,172.31.33.0-255,105,418,29,484
309,0.009403,172.217.194.0-255,66,484,29,484
310,0.0,74.125.68.0-255,66,66,29,66
311,0.0,74.125.68.0-255,66,66,29,66
312,0.0,172.31.33.0-255,226,226,29,393
313,0.002133,157.240.7.0-255,101,327,29,393
314,0.002156,172.31.33.0-255,66,393,29,393
315,0.0,172.31.33.0-255,227,227,29,394
316,0.002075,157.240.13.0-255,101,328,29,394
317,0.002102,172.31.33.0-255,66,394,29,394
318,0.0,31.13.82.0-255,101,101,29,167
319,2.9e-05,172.31.33.0-255,66,167,29,167
320,0.0,74.125.68.0-255,97,97,29,229
321,0.000119,172.31.33.0-255,66,163,29,229
322,0.006279,74.125.68.0-255,66,229,29,229
323,0.0,172.253.118.0-255,66,66,29,66
324,0.0,172.31.33.0-255,226,226,29,393
325,0.002189,157.240.7.0-255,101,327,29,393
326,0.002206,172.31.33.0-255,66,393,29,393
327,0.0,157.240.7.0-255,213,213,29,279
328,1.4e-05,172.31.33.0-255,66,279,29,279
329,0.0,172.31.33.0-255,297,297,29,464
330,0.002334,157.240.7.0-255,101,398,29,464
331,0.002343,172.31.33.0-255,66,464,29,464
332,0.0,157.240.7.0-255,197,197,29,263
333,2.4e-05,172.31.33.0-255,66,263,29,263
334,0.0,74.125.24.0-255,147,147,29,520
335,4.8e-05,74.125.24.0-255,97,244,29,520
336,0.000109,74.125.24.0-255,105,349,29,520
337,0.004565,172.31.33.0-255,66,415,29,520
338,0.004593,172.31.33.0-255,105,520,29,520
339,0.0,157.240.7.0-255,101,101,29,167
340,1.3e-05,172.31.33.0-255,66,167,29,167
341,0.0,157.240.7.0-255,101,101,29,167
342,1.2e-05,172.31.33.0-255,66,167,29,167
343,0.0,172.217.194.0-255,66,66,29,66
344,0.0,172.31.33.0-255,226,226,29,226
345,0.0,172.31.33.0-255,226,226,29,393
346,0.002351,157.240.7.0-255,101,327,29,393
347,0.002365,172.31.33.0-255,66,393,29,393
348,0.0,172.31.33.0-255,226,226,29,393
349,0.002122,157.240.7.0-255,101,327,29,393
350,0.002137,172.31.33.0-255,66,393,29,393
351,0.0,74.125.130.0-255,66,66,29,66
352,0.0,74.125.24.0-255,66,66,29,459
353,0.007701,172.31.33.0-255,226,292,29,459
354,0.009763,157.240.7.0-255,101,393,29,459
355,0.009779,172.31.33.0-255,66,459,29,459
356,0.0,172.31.33.0-255,226,226,29,393
357,0.002285,157.240.7.0-255,101,327,29,393
358,0.002315,172.31.33.0-255,66,393,29,393
359,0.0,172.217.194.0-255,66,66,29,721
360,0.000429,172.217.194.0-255,66,132,29,721
361,0.001645,172.217.194.0-255,150,282,29,721
362,0.00172,172.217.194.0-255,97,379,29,721
363,0.001794,172.217.194.0-255,105,484,29,721
364,0.00198,172.31.33.0-255,66,550,29,721
365,0.002017,172.31.33.0-255,105,655,29,721
366,0.009049,172.217.194.0-255,66,721,29,721
367,0.0,172.31.33.0-255,226,226,29,393
368,0.002078,157.240.7.0-255,101,327,29,393
369,0.002092,172.31.33.0-255,66,393,29,393
370,0.0,157.240.7.0-255,101,101,29,167
371,1.1e-05,172.31.33.0-255,66,167,29,167
