,TIME,SRC,PACKET_SIZE,CUMULATIVE_PACKET_SIZE,PAGE_NUMBER,TOTAL_PACKET_SIZE
0,0.0,104.244.42.0-255,66,66,48,66
1,0.0,157.240.13.0-255,66,66,48,132
2,0.012695,104.244.42.0-255,66,132,48,132
3,0.0,157.240.13.0-255,66,66,48,132
4,0.010963,104.244.42.0-255,66,132,48,132
5,0.0,157.240.13.0-255,66,66,48,132
6,0.016183,104.244.42.0-255,66,132,48,132
7,0.0,157.240.13.0-255,66,66,48,408
8,0.018039,104.244.42.0-255,66,132,48,408
9,0.035475,172.31.46.0-255,105,237,48,408
10,0.036981,157.240.13.0-255,105,342,48,408
11,0.037004,172.31.46.0-255,66,408,48,408
12,0.0,157.240.13.0-255,66,66,48,132
13,0.012917,104.244.42.0-255,66,132,48,132
14,0.0,157.240.13.0-255,66,66,48,132
15,0.013141,104.244.42.0-255,66,132,48,132
16,0.0,104.244.42.0-255,66,66,48,264
17,0.022003,31.13.82.0-255,66,132,48,264
18,0.024037,31.13.82.0-255,66,198,48,264
19,0.066863,31.13.82.0-255,66,264,48,264
20,0.0,104.244.42.0-255,66,66,48,66
21,0.0,104.244.42.0-255,66,66,48,264
22,0.016283,31.13.82.0-255,66,132,48,264
23,0.021231,31.13.82.0-255,66,198,48,264
24,0.061879,31.13.82.0-255,66,264,48,264
25,0.0,104.244.42.0-255,66,66,48,264
26,0.008914,31.13.82.0-255,66,132,48,264
27,0.011625,31.13.82.0-255,66,198,48,264
28,0.051987,31.13.82.0-255,66,264,48,264
29,0.0,104.244.42.0-255,66,66,48,66
30,0.0,104.244.42.0-255,66,66,48,132
31,0.067911,31.13.82.0-255,66,132,48,132
32,0.0,104.244.42.0-255,66,66,48,66
33,0.0,104.244.42.0-255,66,66,48,198
34,0.01666,31.13.82.0-255,66,132,48,198
35,0.02167,31.13.82.0-255,66,198,48,198
36,0.0,157.240.13.0-255,66,66,48,264
37,0.013368,104.244.42.0-255,66,132,48,264
38,0.035777,31.13.82.0-255,66,198,48,264
39,0.040185,31.13.82.0-255,66,264,48,264
40,0.0,104.244.42.0-255,66,66,48,264
41,0.014191,31.13.82.0-255,66,132,48,264
42,0.019283,31.13.82.0-255,66,198,48,264
43,0.05968,31.13.82.0-255,66,264,48,264
44,0.0,104.244.42.0-255,66,66,48,66
45,0.0,104.244.42.0-255,66,66,48,132
46,0.059424,31.13.82.0-255,66,132,48,132
47,0.0,104.244.42.0-255,66,66,48,264
48,0.025693,31.13.82.0-255,66,132,48,264
49,0.028987,31.13.82.0-255,66,198,48,264
50,0.069999,31.13.82.0-255,66,264,48,264
51,0.0,157.240.13.0-255,66,66,48,132
52,0.012921,104.244.42.0-255,66,132,48,132
53,0.0,104.244.42.0-255,66,66,48,132
54,0.070144,31.13.82.0-255,66,132,48,132
55,0.0,157.240.13.0-255,66,66,48,132
56,0.009838,104.244.42.0-255,66,132,48,132
57,0.0,104.244.42.0-255,66,66,48,540
58,0.008838,31.13.82.0-255,66,132,48,540
59,0.013653,31.13.82.0-255,66,198,48,540
60,0.040408,172.31.46.0-255,105,303,48,540
61,0.042585,157.240.13.0-255,105,408,48,540
62,0.042597,172.31.46.0-255,66,474,48,540
63,0.053169,31.13.82.0-255,66,540,48,540
64,0.0,157.240.13.0-255,66,66,48,132
65,0.011905,104.244.42.0-255,66,132,48,132
66,0.0,172.31.46.0-255,149,149,48,413
67,0.040968,31.13.82.0-255,66,215,48,413
68,0.041956,31.13.82.0-255,66,281,48,413
69,0.042741,104.244.42.0-255,66,347,48,413
70,0.083733,31.13.82.0-255,66,413,48,413
71,0.0,104.244.42.0-255,66,66,48,66
72,0.0,104.244.42.0-255,66,66,48,264
73,0.019603,31.13.82.0-255,66,132,48,264
74,0.026748,31.13.82.0-255,66,198,48,264
75,0.058467,31.13.82.0-255,66,264,48,264
76,0.0,104.244.42.0-255,66,66,48,264
77,0.006575,31.13.82.0-255,66,132,48,264
78,0.010679,31.13.82.0-255,66,198,48,264
79,0.053406,31.13.82.0-255,66,264,48,264
80,0.0,104.244.42.0-255,66,66,48,66
81,0.0,104.244.42.0-255,66,66,48,264
82,0.016882,31.13.82.0-255,66,132,48,264
83,0.020901,31.13.82.0-255,66,198,48,264
84,0.059834,31.13.82.0-255,66,264,48,264
85,0.0,104.244.42.0-255,172,172,48,902
86,1.6e-05,172.31.46.0-255,66,238,48,902
87,0.014751,172.31.46.0-255,149,387,48,902
88,0.016321,104.244.42.0-255,66,453,48,902
89,0.02148,157.240.13.0-255,95,548,48,902
90,0.02472,157.240.13.0-255,66,614,48,902
91,0.025706,172.31.46.0-255,90,704,48,902
92,0.025719,172.31.46.0-255,66,770,48,902
93,0.027416,157.240.13.0-255,66,836,48,902
94,0.027424,157.240.13.0-255,66,902,48,902
95,0.0,104.244.42.0-255,66,66,48,66
96,0.0,157.240.13.0-255,66,66,48,132
97,0.01217,104.244.42.0-255,66,132,48,132
98,0.0,104.244.42.0-255,66,66,48,66
99,0.0,31.13.82.0-255,66,66,48,264
100,0.002204,31.13.82.0-255,66,132,48,264
101,0.003433,104.244.42.0-255,66,198,48,264
102,0.044686,31.13.82.0-255,66,264,48,264
103,0.0,104.244.42.0-255,66,66,48,264
104,0.012745,31.13.82.0-255,66,132,48,264
105,0.017009,31.13.82.0-255,66,198,48,264
106,0.056336,31.13.82.0-255,66,264,48,264
107,0.0,104.244.42.0-255,66,66,48,66
108,0.0,157.240.13.0-255,66,66,48,264
109,0.009761,104.244.42.0-255,66,132,48,264
110,0.034972,31.13.82.0-255,66,198,48,264
111,0.03941,31.13.82.0-255,66,264,48,264
112,0.0,104.244.42.0-255,66,66,48,264
113,0.021788,31.13.82.0-255,66,132,48,264
114,0.024954,31.13.82.0-255,66,198,48,264
115,0.062481,31.13.82.0-255,66,264,48,264
116,0.0,104.244.42.0-255,66,66,48,132
117,0.054964,31.13.82.0-255,66,132,48,132
118,0.0,104.244.42.0-255,66,66,48,264
119,0.015186,31.13.82.0-255,66,132,48,264
120,0.017972,31.13.82.0-255,66,198,48,264
121,0.057677,31.13.82.0-255,66,264,48,264
122,0.0,104.244.42.0-255,66,66,48,264
123,0.011438,31.13.82.0-255,66,132,48,264
124,0.015356,31.13.82.0-255,66,198,48,264
125,0.056859,31.13.82.0-255,66,264,48,264
126,0.0,104.244.42.0-255,66,66,48,66
127,0.0,104.244.42.0-255,66,66,48,66
128,0.0,104.244.42.0-255,66,66,48,66
129,0.0,104.244.42.0-255,66,66,48,66
130,0.0,157.240.13.0-255,66,66,48,132
131,0.014951,104.244.42.0-255,66,132,48,132
132,0.0,104.244.42.0-255,66,66,48,264
133,0.000812,31.13.82.0-255,66,132,48,264
134,0.004895,31.13.82.0-255,66,198,48,264
135,0.045269,31.13.82.0-255,66,264,48,264
136,0.0,104.244.42.0-255,66,66,48,264
137,0.007382,31.13.82.0-255,66,132,48,264
138,0.01162,31.13.82.0-255,66,198,48,264
139,0.067653,31.13.82.0-255,66,264,48,264
140,0.0,104.244.42.0-255,66,66,48,198
141,0.00854,31.13.82.0-255,66,132,48,198
142,0.0129,31.13.82.0-255,66,198,48,198
143,0.0,104.244.42.0-255,66,66,48,264
144,0.009848,31.13.82.0-255,66,132,48,264
145,0.013836,31.13.82.0-255,66,198,48,264
146,0.067957,31.13.82.0-255,66,264,48,264
147,0.0,104.244.42.0-255,66,66,48,264
148,0.006291,31.13.82.0-255,66,132,48,264
149,0.012717,31.13.82.0-255,66,198,48,264
150,0.052798,31.13.82.0-255,66,264,48,264
151,0.0,104.244.42.0-255,66,66,48,226
152,0.011848,157.240.13.0-255,94,160,48,226
153,0.011863,172.31.46.0-255,66,226,48,226
154,0.0,104.244.42.0-255,66,66,48,66
155,0.0,104.244.42.0-255,66,66,48,66
156,0.0,104.244.42.0-255,66,66,48,66
157,0.0,104.244.42.0-255,66,66,48,66
158,0.0,104.244.42.0-255,66,66,48,66
159,0.0,104.244.42.0-255,66,66,48,264
160,0.002698,31.13.82.0-255,66,132,48,264
161,0.00775,31.13.82.0-255,66,198,48,264
162,0.062149,31.13.82.0-255,66,264,48,264
163,0.0,157.240.13.0-255,66,66,48,132
164,0.018654,104.244.42.0-255,66,132,48,132
165,0.0,157.240.13.0-255,66,66,48,264
166,0.010693,104.244.42.0-255,66,132,48,264
167,0.018042,31.13.82.0-255,66,198,48,264
168,0.025921,31.13.82.0-255,66,264,48,264
169,0.0,104.244.42.0-255,66,66,48,66
170,0.0,104.244.42.0-255,66,66,48,264
171,0.012983,31.13.82.0-255,66,132,48,264
172,0.017936,31.13.82.0-255,66,198,48,264
173,0.055567,31.13.82.0-255,66,264,48,264
174,0.0,157.240.13.0-255,66,66,48,132
175,0.015368,104.244.42.0-255,66,132,48,132
176,0.0,104.244.42.0-255,66,66,48,66
177,0.0,104.244.42.0-255,66,66,48,66
178,0.0,104.244.42.0-255,66,66,48,66
179,0.0,104.244.42.0-255,66,66,48,264
180,0.012983,31.13.82.0-255,66,132,48,264
181,0.015616,31.13.82.0-255,66,198,48,264
182,0.054782,31.13.82.0-255,66,264,48,264
183,0.0,104.244.42.0-255,66,66,48,66
184,0.0,104.244.42.0-255,66,66,48,66
185,0.0,104.244.42.0-255,66,66,48,66
186,0.0,104.244.42.0-255,66,66,48,66
187,0.0,104.244.42.0-255,66,66,48,66
188,0.0,104.244.42.0-255,66,66,48,264
189,0.024244,31.13.82.0-255,66,132,48,264
190,0.029918,31.13.82.0-255,66,198,48,264
191,0.053358,31.13.82.0-255,66,264,48,264
192,0.0,104.244.42.0-255,66,66,48,66
193,0.0,104.244.42.0-255,66,66,48,264
194,7.2e-05,31.13.82.0-255,66,132,48,264
195,0.004702,31.13.82.0-255,66,198,48,264
196,0.046518,31.13.82.0-255,66,264,48,264
197,0.0,104.244.42.0-255,66,66,48,132
198,0.04987,31.13.82.0-255,66,132,48,132
199,0.0,104.244.42.0-255,66,66,48,132
200,0.071565,31.13.82.0-255,66,132,48,132
201,0.0,104.244.42.0-255,66,66,48,264
202,0.010967,31.13.82.0-255,66,132,48,264
203,0.017406,31.13.82.0-255,66,198,48,264
204,0.057289,31.13.82.0-255,66,264,48,264
205,0.0,104.244.42.0-255,66,66,48,66
206,0.0,104.244.42.0-255,66,66,48,66
207,0.0,104.244.42.0-255,66,66,48,66
208,0.0,104.244.42.0-255,66,66,48,264
209,0.019912,31.13.82.0-255,66,132,48,264
210,0.024114,31.13.82.0-255,66,198,48,264
211,0.062753,31.13.82.0-255,66,264,48,264
212,0.0,104.244.42.0-255,66,66,48,66
213,0.0,104.244.42.0-255,66,66,48,66
214,0.0,104.244.42.0-255,66,66,48,424
215,0.00707,31.13.82.0-255,66,132,48,424
216,0.010317,31.13.82.0-255,66,198,48,424
217,0.015462,31.13.82.0-255,94,292,48,424
218,0.015475,172.31.46.0-255,66,358,48,424
219,0.054143,31.13.82.0-255,66,424,48,424
220,0.0,104.244.42.0-255,66,66,48,264
221,0.014514,31.13.82.0-255,66,132,48,264
222,0.018616,31.13.82.0-255,66,198,48,264
223,0.057488,31.13.82.0-255,66,264,48,264
224,0.0,104.244.42.0-255,66,66,48,264
225,0.028885,31.13.82.0-255,66,132,48,264
226,0.031929,31.13.82.0-255,66,198,48,264
227,0.059127,31.13.82.0-255,66,264,48,264
228,0.0,104.244.42.0-255,66,66,48,66
229,0.0,104.244.42.0-255,66,66,48,66
230,0.0,104.244.42.0-255,172,172,48,1322
231,2e-05,172.31.46.0-255,66,238,48,1322
232,0.008133,157.240.13.0-255,95,333,48,1322
233,0.008149,172.31.46.0-255,66,399,48,1322
234,0.010714,157.240.13.0-255,66,465,48,1322
235,0.010891,172.31.46.0-255,90,555,48,1322
236,0.010903,172.31.46.0-255,66,621,48,1322
237,0.013009,157.240.13.0-255,66,687,48,1322
238,0.01302,157.240.13.0-255,66,753,48,1322
239,0.017323,172.31.46.0-255,503,1256,48,1322
240,0.018991,104.244.42.0-255,66,1322,48,1322
241,0.0,104.244.42.0-255,66,66,48,264
242,0.023865,31.13.82.0-255,66,132,48,264
243,0.027564,31.13.82.0-255,66,198,48,264
244,0.061363,31.13.82.0-255,66,264,48,264
245,0.0,104.244.42.0-255,66,66,48,132
246,0.058065,31.13.82.0-255,66,132,48,132
247,0.0,104.244.42.0-255,66,66,48,264
248,0.011688,31.13.82.0-255,66,132,48,264
249,0.016703,31.13.82.0-255,66,198,48,264
250,0.056726,31.13.82.0-255,66,264,48,264
251,0.0,104.244.42.0-255,66,66,48,264
252,0.013689,31.13.82.0-255,66,132,48,264
253,0.027911,31.13.82.0-255,66,198,48,264
254,0.053131,31.13.82.0-255,66,264,48,264
255,0.0,104.244.42.0-255,66,66,48,66
256,0.0,104.244.42.0-255,66,66,48,264
257,0.011861,31.13.82.0-255,66,132,48,264
258,0.020288,31.13.82.0-255,66,198,48,264
259,0.059489,31.13.82.0-255,66,264,48,264
260,0.0,157.240.13.0-255,66,66,48,132
261,0.011175,104.244.42.0-255,66,132,48,132
262,0.0,104.244.42.0-255,66,66,48,264
263,0.018227,31.13.82.0-255,66,132,48,264
264,0.021166,31.13.82.0-255,66,198,48,264
265,0.060683,31.13.82.0-255,66,264,48,264
266,0.0,157.240.13.0-255,66,66,48,132
267,0.011122,104.244.42.0-255,66,132,48,132
268,0.0,157.240.13.0-255,66,66,48,132
269,0.012908,104.244.42.0-255,66,132,48,132
270,0.0,104.244.42.0-255,66,66,48,264
271,0.00446,31.13.82.0-255,66,132,48,264
272,0.008054,31.13.82.0-255,66,198,48,264
273,0.054307,31.13.82.0-255,66,264,48,264
274,0.0,157.240.13.0-255,66,66,48,132
275,0.018076,104.244.42.0-255,66,132,48,132
276,0.0,104.244.42.0-255,66,66,48,264
277,0.007135,31.13.82.0-255,66,132,48,264
278,0.009923,31.13.82.0-255,66,198,48,264
279,0.069374,31.13.82.0-255,66,264,48,264
280,0.0,104.244.42.0-255,66,66,48,264
281,0.013074,31.13.82.0-255,66,132,48,264
282,0.016642,31.13.82.0-255,66,198,48,264
283,0.055403,31.13.82.0-255,66,264,48,264
284,0.0,104.244.42.0-255,66,66,48,198
285,0.011844,31.13.82.0-255,66,132,48,198
286,0.015512,31.13.82.0-255,66,198,48,198
287,0.0,104.244.42.0-255,66,66,48,66
288,0.0,157.240.13.0-255,66,66,48,132
289,0.014453,104.244.42.0-255,66,132,48,132
290,0.0,104.244.42.0-255,66,66,48,132
291,0.067762,31.13.82.0-255,66,132,48,132
292,0.0,157.240.13.0-255,66,66,48,132
293,0.012907,104.244.42.0-255,66,132,48,132
294,0.0,104.244.42.0-255,66,66,48,264
295,0.005935,31.13.82.0-255,66,132,48,264
296,0.011447,31.13.82.0-255,66,198,48,264
297,0.052253,31.13.82.0-255,66,264,48,264
298,0.0,157.240.13.0-255,66,66,48,237
299,0.023405,104.244.42.0-255,66,132,48,237
300,0.079379,172.31.46.0-255,105,237,48,237
301,0.0,157.240.13.0-255,66,66,48,132
302,0.015461,104.244.42.0-255,66,132,48,132
303,0.0,104.244.42.0-255,66,66,48,264
304,0.014459,31.13.82.0-255,66,132,48,264
305,0.020308,31.13.82.0-255,66,198,48,264
306,0.058445,31.13.82.0-255,66,264,48,264
307,0.0,172.31.46.0-255,66,66,48,66
308,0.0,104.244.42.0-255,66,66,48,66
309,0.0,104.244.42.0-255,66,66,48,264
310,0.010348,31.13.82.0-255,66,132,48,264
311,0.01261,31.13.82.0-255,66,198,48,264
312,0.065632,31.13.82.0-255,66,264,48,264
313,0.0,104.244.42.0-255,66,66,48,198
314,0.015739,31.13.82.0-255,66,132,48,198
315,0.017528,31.13.82.0-255,66,198,48,198
316,0.0,104.244.42.0-255,66,66,48,66
317,0.0,104.244.42.0-255,66,66,48,264
318,0.012144,31.13.82.0-255,66,132,48,264
319,0.015915,31.13.82.0-255,66,198,48,264
320,0.055539,31.13.82.0-255,66,264,48,264
321,0.0,104.244.42.0-255,66,66,48,66
322,0.0,104.244.42.0-255,66,66,48,264
323,0.01719,31.13.82.0-255,66,132,48,264
324,0.023112,31.13.82.0-255,66,198,48,264
325,0.057474,31.13.82.0-255,66,264,48,264
