,TIME,SRC,PACKET_SIZE,CUMULATIVE_PACKET_SIZE,PAGE_NUMBER,TOTAL_PACKET_SIZE
0,0.0,157.240.7.0-255,66,66,26,132
1,0.009855,104.244.42.0-255,66,132,26,132
2,0.0,157.240.7.0-255,66,66,26,132
3,0.010892,104.244.42.0-255,66,132,26,132
4,0.0,157.240.7.0-255,66,66,26,132
5,0.010267,104.244.42.0-255,66,132,26,132
6,0.0,157.240.13.0-255,66,66,26,897
7,0.005337,172.31.33.0-255,598,664,26,897
8,0.007762,157.240.13.0-255,101,765,26,897
9,0.00778,172.31.33.0-255,66,831,26,897
10,0.011842,104.244.42.0-255,66,897,26,897
11,0.0,157.240.7.0-255,66,66,26,132
12,0.021114,104.244.42.0-255,66,132,26,132
13,0.0,157.240.7.0-255,66,66,26,132
14,0.011436,104.244.42.0-255,66,132,26,132
15,0.0,157.240.7.0-255,66,66,26,132
16,0.009911,104.244.42.0-255,66,132,26,132
17,0.0,157.240.7.0-255,66,66,26,132
18,0.011262,104.244.42.0-255,66,132,26,132
19,0.0,104.244.42.0-255,66,66,26,66
20,0.0,157.240.13.0-255,66,66,26,132
21,0.013264,104.244.42.0-255,66,132,26,132
22,0.0,172.31.33.0-255,148,148,26,280
23,0.002797,157.240.13.0-255,66,214,26,280
24,0.042422,104.244.42.0-255,66,280,26,280
25,0.0,157.240.13.0-255,66,66,26,132
26,0.016318,104.244.42.0-255,66,132,26,132
27,0.0,104.244.42.0-255,66,66,26,132
28,0.061224,31.13.82.0-255,66,132,26,132
29,0.0,104.244.42.0-255,66,66,26,132
30,0.058306,31.13.82.0-255,66,132,26,132
31,0.0,157.240.7.0-255,66,66,26,132
32,0.013205,104.244.42.0-255,66,132,26,132
33,0.0,157.240.7.0-255,66,66,26,132
34,0.014989,104.244.42.0-255,66,132,26,132
35,0.0,172.31.33.0-255,148,148,26,412
36,0.040957,31.13.82.0-255,66,214,26,412
37,0.041709,104.244.42.0-255,66,280,26,412
38,0.046523,31.13.82.0-255,66,346,26,412
39,0.085905,31.13.82.0-255,66,412,26,412
40,0.0,157.240.7.0-255,66,66,26,132
41,0.011426,104.244.42.0-255,66,132,26,132
42,0.0,157.240.7.0-255,66,66,26,132
43,0.020207,104.244.42.0-255,66,132,26,132
44,0.0,157.240.7.0-255,66,66,26,132
45,0.010748,104.244.42.0-255,66,132,26,132
46,0.0,104.244.42.0-255,66,66,26,264
47,0.01287,31.13.82.0-255,66,132,26,264
48,0.01809,31.13.82.0-255,66,198,26,264
49,0.061351,31.13.82.0-255,66,264,26,264
50,0.0,157.240.7.0-255,66,66,26,132
51,0.009706,104.244.42.0-255,66,132,26,132
52,0.0,157.240.7.0-255,66,66,26,132
53,0.009293,104.244.42.0-255,66,132,26,132
54,0.0,157.240.7.0-255,66,66,26,264
55,0.012449,104.244.42.0-255,66,132,26,264
56,0.035259,31.13.82.0-255,66,198,26,264
57,0.039483,31.13.82.0-255,66,264,26,264
58,0.0,157.240.7.0-255,66,66,26,132
59,0.011208,104.244.42.0-255,66,132,26,132
60,0.0,157.240.7.0-255,66,66,26,132
61,0.00956,104.244.42.0-255,66,132,26,132
62,0.0,157.240.7.0-255,66,66,26,132
63,0.01024,104.244.42.0-255,66,132,26,132
64,0.0,157.240.7.0-255,66,66,26,132
65,0.01178,104.244.42.0-255,66,132,26,132
66,0.0,172.31.33.0-255,122,122,26,731
67,0.000192,172.31.33.0-255,101,223,26,731
68,0.011926,172.31.33.0-255,96,319,26,731
69,0.043137,157.240.7.0-255,66,385,26,731
70,0.044129,172.31.33.0-255,148,533,26,731
71,0.068277,31.13.82.0-255,66,599,26,731
72,0.080173,31.13.82.0-255,66,665,26,731
73,0.086225,104.244.42.0-255,66,731,26,731
74,0.0,157.240.7.0-255,66,66,26,264
75,0.011446,104.244.42.0-255,66,132,26,264
76,0.021073,31.13.82.0-255,66,198,26,264
77,0.025451,31.13.82.0-255,66,264,26,264
78,0.0,157.240.13.0-255,66,66,26,894
79,0.013921,104.244.42.0-255,66,132,26,894
80,0.015326,172.31.33.0-255,595,727,26,894
81,0.017404,157.240.13.0-255,101,828,26,894
82,0.017437,172.31.33.0-255,66,894,26,894
83,0.0,157.240.7.0-255,66,66,26,264
84,0.010139,104.244.42.0-255,66,132,26,264
85,0.016555,31.13.82.0-255,66,198,26,264
86,0.024813,31.13.82.0-255,66,264,26,264
87,0.0,172.31.33.0-255,147,147,26,279
88,0.007034,157.240.7.0-255,66,213,26,279
89,0.042275,104.244.42.0-255,66,279,26,279
90,0.0,157.240.13.0-255,66,66,26,236
91,0.007675,172.31.33.0-255,104,170,26,236
92,0.009216,104.244.42.0-255,66,236,26,236
93,0.0,157.240.7.0-255,66,66,26,264
94,0.00945,104.244.42.0-255,66,132,26,264
95,0.021106,31.13.82.0-255,66,198,26,264
96,0.024599,31.13.82.0-255,66,264,26,264
97,0.0,157.240.7.0-255,66,66,26,132
98,0.010299,104.244.42.0-255,66,132,26,132
99,0.0,104.244.42.0-255,66,66,26,264
100,0.011245,31.13.82.0-255,66,132,26,264
101,0.016119,31.13.82.0-255,66,198,26,264
102,0.057194,31.13.82.0-255,66,264,26,264
103,0.0,172.31.33.0-255,122,122,26,731
104,0.002013,157.240.7.0-255,66,188,26,731
105,0.007593,172.31.33.0-255,101,289,26,731
106,0.007809,172.31.33.0-255,96,385,26,731
107,0.009812,157.240.7.0-255,66,451,26,731
108,0.027823,172.31.33.0-255,148,599,26,731
109,0.049759,157.240.7.0-255,66,665,26,731
110,0.070026,104.244.42.0-255,66,731,26,731
111,0.0,157.240.7.0-255,66,66,26,132
112,0.01056,104.244.42.0-255,66,132,26,132
113,0.0,104.244.42.0-255,66,66,26,264
114,0.01877,31.13.82.0-255,66,132,26,264
115,0.022756,31.13.82.0-255,66,198,26,264
116,0.065023,31.13.82.0-255,66,264,26,264
117,0.0,157.240.7.0-255,66,66,26,132
118,0.012667,104.244.42.0-255,66,132,26,132
119,0.0,104.244.42.0-255,66,66,26,132
120,0.053302,31.13.82.0-255,66,132,26,132
121,0.0,172.31.33.0-255,148,148,26,346
122,0.042278,104.244.42.0-255,66,214,26,346
123,0.051547,31.13.82.0-255,66,280,26,346
124,0.059526,31.13.82.0-255,66,346,26,346
125,0.0,157.240.7.0-255,66,66,26,1329
126,0.010313,104.244.42.0-255,66,132,26,1329
127,0.075388,172.31.33.0-255,263,395,26,1329
128,0.077191,172.31.33.0-255,260,655,26,1329
129,0.086633,172.31.33.0-255,674,1329,26,1329
130,0.0,157.240.7.0-255,66,66,26,132
131,0.010557,104.244.42.0-255,66,132,26,132
132,0.0,157.240.7.0-255,66,66,26,777
133,0.012556,104.244.42.0-255,66,132,26,777
134,0.062942,172.31.33.0-255,105,237,26,777
135,0.063198,172.31.33.0-255,90,327,26,777
136,0.063206,172.31.33.0-255,66,393,26,777
137,0.064426,192.229.237.0-255,90,483,26,777
138,0.064461,172.31.33.0-255,54,537,26,777
139,0.064467,192.229.237.0-255,66,603,26,777
140,0.064471,172.31.33.0-255,54,657,26,777
141,0.064627,192.229.237.0-255,66,723,26,777
142,0.064631,172.31.33.0-255,54,777,26,777
143,0.0,157.240.7.0-255,66,66,26,132
144,0.012333,104.244.42.0-255,66,132,26,132
145,0.0,104.244.42.0-255,66,66,26,132
146,0.055698,31.13.82.0-255,66,132,26,132
147,0.0,157.240.7.0-255,66,66,26,132
148,0.014753,104.244.42.0-255,66,132,26,132
149,0.0,157.240.7.0-255,66,66,26,264
150,0.010991,104.244.42.0-255,66,132,26,264
151,0.022751,31.13.82.0-255,66,198,26,264
152,0.026444,31.13.82.0-255,66,264,26,264
153,0.0,172.31.33.0-255,148,148,26,280
154,0.042261,104.244.42.0-255,66,214,26,280
155,0.074885,31.13.82.0-255,66,280,26,280
156,0.0,157.240.7.0-255,66,66,26,264
157,0.013505,104.244.42.0-255,66,132,26,264
158,0.023741,31.13.82.0-255,66,198,26,264
159,0.028516,31.13.82.0-255,66,264,26,264
160,0.0,157.240.7.0-255,66,66,26,264
161,0.008604,104.244.42.0-255,66,132,26,264
162,0.021824,31.13.82.0-255,66,198,26,264
163,0.024945,31.13.82.0-255,66,264,26,264
164,0.0,157.240.7.0-255,66,66,26,132
165,0.010748,104.244.42.0-255,66,132,26,132
166,0.0,157.240.7.0-255,66,66,26,132
167,0.016621,104.244.42.0-255,66,132,26,132
168,0.0,157.240.7.0-255,66,66,26,132
169,0.008758,104.244.42.0-255,66,132,26,132
170,0.0,157.240.7.0-255,66,66,26,132
171,0.013566,104.244.42.0-255,66,132,26,132
172,0.0,157.240.7.0-255,66,66,26,132
173,0.008999,104.244.42.0-255,66,132,26,132
174,0.0,157.240.7.0-255,66,66,26,132
175,0.012938,104.244.42.0-255,66,132,26,132
176,0.0,157.240.7.0-255,66,66,26,132
177,0.002057,104.244.42.0-255,66,132,26,132
178,0.0,157.240.7.0-255,66,66,26,132
179,0.009255,104.244.42.0-255,66,132,26,132
180,0.0,157.240.7.0-255,66,66,26,132
181,0.014042,104.244.42.0-255,66,132,26,132
182,0.0,157.240.7.0-255,66,66,26,132
183,0.014105,104.244.42.0-255,66,132,26,132
184,0.0,157.240.7.0-255,66,66,26,132
185,0.012499,104.244.42.0-255,66,132,26,132
186,0.0,157.240.7.0-255,66,66,26,132
187,0.014948,104.244.42.0-255,66,132,26,132
188,0.0,157.240.7.0-255,66,66,26,132
189,0.008357,104.244.42.0-255,66,132,26,132
190,0.0,157.240.7.0-255,66,66,26,132
191,0.009053,104.244.42.0-255,66,132,26,132
192,0.0,157.240.7.0-255,66,66,26,132
193,0.010832,104.244.42.0-255,66,132,26,132
194,0.0,157.240.7.0-255,66,66,26,132
195,0.012357,104.244.42.0-255,66,132,26,132
196,0.0,172.31.33.0-255,148,148,26,280
197,0.019931,157.240.7.0-255,66,214,26,280
198,0.042503,104.244.42.0-255,66,280,26,280
199,0.0,104.244.42.0-255,66,66,26,132
200,0.061855,31.13.82.0-255,66,132,26,132
201,0.0,157.240.7.0-255,66,66,26,132
202,0.008439,104.244.42.0-255,66,132,26,132
203,0.0,157.240.7.0-255,66,66,26,132
204,0.012184,104.244.42.0-255,66,132,26,132
205,0.0,157.240.7.0-255,66,66,26,132
206,0.011831,104.244.42.0-255,66,132,26,132
207,0.0,157.240.7.0-255,66,66,26,132
208,0.013143,104.244.42.0-255,66,132,26,132
209,0.0,157.240.7.0-255,66,66,26,264
210,0.012868,104.244.42.0-255,66,132,26,264
211,0.032634,31.13.82.0-255,66,198,26,264
212,0.036743,31.13.82.0-255,66,264,26,264
213,0.0,172.31.33.0-255,148,148,26,280
214,0.028805,157.240.7.0-255,66,214,26,280
215,0.04287,104.244.42.0-255,66,280,26,280
216,0.0,157.240.7.0-255,66,66,26,132
217,0.010687,104.244.42.0-255,66,132,26,132
218,0.0,104.244.42.0-255,66,66,26,132
219,0.050644,31.13.82.0-255,66,132,26,132
220,0.0,157.240.13.0-255,66,66,26,264
221,0.015781,104.244.42.0-255,66,132,26,264
222,0.028964,31.13.82.0-255,66,198,26,264
223,0.03418,31.13.82.0-255,66,264,26,264
224,0.0,157.240.7.0-255,66,66,26,264
225,0.008867,104.244.42.0-255,66,132,26,264
226,0.021057,31.13.82.0-255,66,198,26,264
227,0.025426,31.13.82.0-255,66,264,26,264
228,0.0,157.240.13.0-255,66,66,26,264
229,0.016616,104.244.42.0-255,66,132,26,264
230,0.030524,31.13.82.0-255,66,198,26,264
231,0.035471,31.13.82.0-255,66,264,26,264
232,0.0,157.240.7.0-255,66,66,26,132
233,0.00836,104.244.42.0-255,66,132,26,132
234,0.0,157.240.7.0-255,66,66,26,132
235,0.011528,104.244.42.0-255,66,132,26,132
236,0.0,157.240.7.0-255,66,66,26,132
237,0.010272,104.244.42.0-255,66,132,26,132
238,0.0,157.240.7.0-255,66,66,26,132
239,0.013767,104.244.42.0-255,66,132,26,132
240,0.0,157.240.7.0-255,66,66,26,14559
241,0.008845,172.31.33.0-255,263,329,26,14559
242,0.010517,157.240.7.0-255,101,430,26,14559
243,0.010809,104.244.42.0-255,66,496,26,14559
244,0.010909,157.240.7.0-255,1066,1562,26,14559
245,0.011062,172.31.33.0-255,66,1628,26,14559
246,0.012063,172.31.33.0-255,192,1820,26,14559
247,0.013646,157.240.7.0-255,101,1921,26,14559
248,0.013983,157.240.7.0-255,9782,11703,26,14559
249,0.014009,157.240.7.0-255,1954,13657,26,14559
250,0.014049,172.31.33.0-255,66,13723,26,14559
251,0.024281,172.31.33.0-255,669,14392,26,14559
252,0.025927,157.240.7.0-255,101,14493,26,14559
253,0.062706,172.31.33.0-255,66,14559,26,14559
254,0.0,104.244.42.0-255,66,66,26,264
255,0.011842,31.13.82.0-255,66,132,26,264
256,0.017089,31.13.82.0-255,66,198,26,264
257,0.053805,31.13.82.0-255,66,264,26,264
258,0.0,157.240.7.0-255,66,66,26,132
259,0.011517,104.244.42.0-255,66,132,26,132
260,0.0,157.240.7.0-255,66,66,26,132
261,0.014149,104.244.42.0-255,66,132,26,132
262,0.0,157.240.7.0-255,66,66,26,132
263,0.01694,104.244.42.0-255,66,132,26,132
264,0.0,157.240.7.0-255,66,66,26,132
265,0.008496,104.244.42.0-255,66,132,26,132
266,0.0,157.240.7.0-255,66,66,26,132
267,0.010165,104.244.42.0-255,66,132,26,132
268,0.0,157.240.7.0-255,66,66,26,264
269,0.015737,104.244.42.0-255,66,132,26,264
270,0.020426,31.13.82.0-255,66,198,26,264
271,0.024237,31.13.82.0-255,66,264,26,264
272,0.0,157.240.7.0-255,66,66,26,132
273,0.009263,104.244.42.0-255,66,132,26,132
274,0.0,157.240.7.0-255,66,66,26,132
275,0.020199,104.244.42.0-255,66,132,26,132
276,0.0,157.240.13.0-255,66,66,26,132
277,0.013397,104.244.42.0-255,66,132,26,132
278,0.0,104.244.42.0-255,66,66,26,264
279,0.010791,31.13.82.0-255,66,132,26,264
280,0.015893,31.13.82.0-255,66,198,26,264
281,0.056704,31.13.82.0-255,66,264,26,264
282,0.0,157.240.7.0-255,66,66,26,132
283,0.010755,104.244.42.0-255,66,132,26,132
284,0.0,157.240.13.0-255,66,66,26,132
285,0.016231,104.244.42.0-255,66,132,26,132
286,0.0,157.240.7.0-255,66,66,26,132
287,0.012355,104.244.42.0-255,66,132,26,132
288,0.0,157.240.7.0-255,66,66,26,132
289,0.009983,104.244.42.0-255,66,132,26,132
290,0.0,157.240.13.0-255,66,66,26,264
291,0.014891,104.244.42.0-255,66,132,26,264
292,0.02794,31.13.82.0-255,66,198,26,264
293,0.03161,31.13.82.0-255,66,264,26,264
294,0.0,157.240.7.0-255,66,66,26,132
295,0.010221,104.244.42.0-255,66,132,26,132
296,0.0,157.240.7.0-255,66,66,26,198
297,0.000308,157.240.7.0-255,66,132,26,198
298,0.010257,104.244.42.0-255,66,198,26,198
299,0.0,104.244.42.0-255,66,66,26,331
300,0.027309,31.13.82.0-255,78,144,26,331
301,0.04534,172.31.33.0-255,121,265,26,331
302,0.063175,31.13.82.0-255,66,331,26,331
303,0.0,172.31.33.0-255,148,148,26,280
304,0.011014,157.240.7.0-255,66,214,26,280
305,0.042934,104.244.42.0-255,66,280,26,280
306,0.0,157.240.7.0-255,66,66,26,132
307,0.009295,104.244.42.0-255,66,132,26,132
308,0.0,157.240.7.0-255,66,66,26,132
309,0.012338,104.244.42.0-255,66,132,26,132
310,0.0,157.240.7.0-255,66,66,26,132
311,0.009283,104.244.42.0-255,66,132,26,132
312,0.0,157.240.7.0-255,66,66,26,132
313,0.00958,104.244.42.0-255,66,132,26,132
314,0.0,157.240.7.0-255,66,66,26,132
315,0.012434,104.244.42.0-255,66,132,26,132
316,0.0,157.240.7.0-255,66,66,26,198
317,0.000183,157.240.7.0-255,66,132,26,198
318,0.008217,104.244.42.0-255,66,198,26,198
319,0.0,157.240.7.0-255,66,66,26,132
320,0.011005,104.244.42.0-255,66,132,26,132
321,0.0,157.240.13.0-255,66,66,26,264
322,0.010699,104.244.42.0-255,66,132,26,264
323,0.026057,31.13.82.0-255,66,198,26,264
324,0.029736,31.13.82.0-255,66,264,26,264
325,0.0,157.240.7.0-255,66,66,26,132
326,0.010651,104.244.42.0-255,66,132,26,132
327,0.0,157.240.7.0-255,66,66,26,132
328,0.013224,104.244.42.0-255,66,132,26,132
329,0.0,157.240.7.0-255,66,66,26,342
330,0.010226,104.244.42.0-255,66,132,26,342
331,0.073236,172.31.33.0-255,105,237,26,342
332,0.075002,157.240.7.0-255,105,342,26,342
333,0.0,104.244.42.0-255,66,66,26,667
334,8.2e-05,74.125.24.0-255,66,132,26,667
335,0.0001,104.244.42.0-255,97,229,26,667
336,0.000112,172.31.33.0-255,54,283,26,667
337,0.000115,74.125.24.0-255,66,349,26,667
338,0.000118,172.31.33.0-255,66,415,26,667
339,0.000246,104.244.42.0-255,66,481,26,667
340,0.000249,172.31.33.0-255,54,535,26,667
341,0.007778,157.240.7.0-255,66,601,26,667
342,0.024495,104.244.42.0-255,66,667,26,667
343,0.0,172.31.33.0-255,147,147,26,279
344,0.015472,157.240.7.0-255,66,213,26,279
345,0.042958,104.244.42.0-255,66,279,26,279
346,0.0,104.244.42.0-255,66,66,26,264
347,0.01652,31.13.82.0-255,66,132,26,264
348,0.020324,31.13.82.0-255,66,198,26,264
349,0.059734,31.13.82.0-255,66,264,26,264
350,0.0,157.240.7.0-255,66,66,26,264
351,0.012182,104.244.42.0-255,66,132,26,264
352,0.021396,31.13.82.0-255,66,198,26,264
353,0.025709,31.13.82.0-255,66,264,26,264
354,0.0,157.240.7.0-255,66,66,26,132
355,0.009917,104.244.42.0-255,66,132,26,132
