,TIME,SRC,PACKET_SIZE,CUMULATIVE_PACKET_SIZE,PAGE_NUMBER,TOTAL_PACKET_SIZE
0,0.0,104.244.42.0-255,172,172,42,977
1,2e-05,172.31.46.0-255,66,238,42,977
2,0.014936,172.31.46.0-255,158,396,42,977
3,0.016496,104.244.42.0-255,66,462,42,977
4,0.027627,157.240.13.0-255,95,557,42,977
5,0.027643,172.31.46.0-255,66,623,42,977
6,0.03187,157.240.13.0-255,66,689,42,977
7,0.032146,172.31.46.0-255,90,779,42,977
8,0.032157,172.31.46.0-255,66,845,42,977
9,0.03387,157.240.13.0-255,66,911,42,977
10,0.033878,157.240.13.0-255,66,977,42,977
11,0.0,104.244.42.0-255,66,66,42,66
12,0.0,104.244.42.0-255,66,66,42,66
13,0.0,104.244.42.0-255,66,66,42,66
14,0.0,31.13.82.0-255,66,66,42,198
15,0.004536,31.13.82.0-255,66,132,42,198
16,0.045549,31.13.82.0-255,66,198,42,198
17,0.0,104.244.42.0-255,66,66,42,66
18,0.0,104.244.42.0-255,66,66,42,66
19,0.0,172.31.46.0-255,66,66,42,132
20,0.003521,104.244.42.0-255,66,132,42,132
21,0.0,104.244.42.0-255,66,66,42,264
22,0.024678,31.13.82.0-255,66,132,42,264
23,0.028711,31.13.82.0-255,66,198,42,264
24,0.056512,31.13.82.0-255,66,264,42,264
25,0.0,104.244.42.0-255,66,66,42,66
26,0.0,104.244.42.0-255,66,66,42,264
27,0.01315,31.13.82.0-255,66,132,42,264
28,0.020629,31.13.82.0-255,66,198,42,264
29,0.057415,31.13.82.0-255,66,264,42,264
30,0.0,104.244.42.0-255,66,66,42,264
31,0.016938,31.13.82.0-255,66,132,42,264
32,0.019867,31.13.82.0-255,66,198,42,264
33,0.059698,31.13.82.0-255,66,264,42,264
34,0.0,157.240.13.0-255,66,66,42,132
35,0.004191,104.244.42.0-255,66,132,42,132
36,0.0,104.244.42.0-255,172,172,42,987
37,1.7e-05,172.31.46.0-255,66,238,42,987
38,0.012304,172.31.46.0-255,168,406,42,987
39,0.013971,104.244.42.0-255,66,472,42,987
40,0.025579,157.240.13.0-255,95,567,42,987
41,0.025602,172.31.46.0-255,66,633,42,987
42,0.029243,157.240.13.0-255,66,699,42,987
43,0.029505,172.31.46.0-255,90,789,42,987
44,0.029516,172.31.46.0-255,66,855,42,987
45,0.031609,157.240.13.0-255,66,921,42,987
46,0.031618,157.240.13.0-255,66,987,42,987
47,0.0,104.244.42.0-255,66,66,42,66
48,0.0,104.244.42.0-255,66,66,42,198
49,0.008049,31.13.82.0-255,66,132,42,198
50,0.012009,31.13.82.0-255,66,198,42,198
51,0.0,157.240.13.0-255,66,66,42,132
52,0.013529,104.244.42.0-255,66,132,42,132
53,0.0,31.13.82.0-255,66,66,42,198
54,0.00497,31.13.82.0-255,66,132,42,198
55,0.046351,31.13.82.0-255,66,198,42,198
56,0.0,104.244.42.0-255,66,66,42,198
57,0.013107,31.13.82.0-255,66,132,42,198
58,0.013828,31.13.82.0-255,66,198,42,198
59,0.0,172.31.46.0-255,66,66,42,132
60,0.001262,104.244.42.0-255,66,132,42,132
61,0.0,104.244.42.0-255,66,66,42,264
62,0.014605,31.13.82.0-255,66,132,42,264
63,0.016906,31.13.82.0-255,66,198,42,264
64,0.058765,31.13.82.0-255,66,264,42,264
65,0.0,104.244.42.0-255,66,66,42,198
66,0.019076,31.13.82.0-255,66,132,42,198
67,0.022127,31.13.82.0-255,66,198,42,198
68,0.0,31.13.82.0-255,66,66,42,66
69,0.0,104.244.42.0-255,172,172,42,977
70,1.7e-05,172.31.46.0-255,66,238,42,977
71,0.013124,172.31.46.0-255,158,396,42,977
72,0.014788,104.244.42.0-255,66,462,42,977
73,0.028434,157.240.13.0-255,95,557,42,977
74,0.028454,172.31.46.0-255,66,623,42,977
75,0.031427,157.240.13.0-255,66,689,42,977
76,0.031625,172.31.46.0-255,90,779,42,977
77,0.031636,172.31.46.0-255,66,845,42,977
78,0.033456,157.240.13.0-255,66,911,42,977
79,0.033465,157.240.13.0-255,66,977,42,977
80,0.0,157.240.13.0-255,66,66,42,132
81,0.005015,104.244.42.0-255,66,132,42,132
82,0.0,157.240.13.0-255,66,66,42,132
83,0.004195,104.244.42.0-255,66,132,42,132
84,0.0,104.244.42.0-255,66,66,42,66
85,0.0,104.244.42.0-255,66,66,42,66
86,0.0,104.244.42.0-255,172,172,42,977
87,1.7e-05,172.31.46.0-255,66,238,42,977
88,0.011942,172.31.46.0-255,158,396,42,977
89,0.013721,104.244.42.0-255,66,462,42,977
90,0.025856,157.240.13.0-255,95,557,42,977
91,0.025866,172.31.46.0-255,66,623,42,977
92,0.0292,157.240.13.0-255,66,689,42,977
93,0.029414,172.31.46.0-255,90,779,42,977
94,0.029422,172.31.46.0-255,66,845,42,977
95,0.031523,157.240.13.0-255,66,911,42,977
96,0.031532,157.240.13.0-255,66,977,42,977
97,0.0,157.240.13.0-255,66,66,42,2303
98,0.004765,172.31.46.0-255,192,258,42,2303
99,0.006871,104.244.42.0-255,308,566,42,2303
100,0.006891,104.244.42.0-255,110,676,42,2303
101,0.014613,172.31.46.0-255,66,742,42,2303
102,0.014831,104.244.42.0-255,110,852,42,2303
103,0.014842,172.31.46.0-255,78,930,42,2303
104,0.014939,172.31.46.0-255,243,1173,42,2303
105,0.014961,172.31.46.0-255,724,1897,42,2303
106,0.015547,172.31.46.0-255,104,2001,42,2303
107,0.016486,104.244.42.0-255,66,2067,42,2303
108,0.016592,104.244.42.0-255,104,2171,42,2303
109,0.053817,172.31.46.0-255,66,2237,42,2303
110,0.057792,104.244.42.0-255,66,2303,42,2303
111,0.0,104.244.42.0-255,66,66,42,198
112,0.023406,31.13.82.0-255,66,132,42,198
113,0.026868,31.13.82.0-255,66,198,42,198
114,0.0,104.244.42.0-255,66,66,42,66
115,0.0,104.244.42.0-255,66,66,42,198
116,0.017419,31.13.82.0-255,66,132,42,198
117,0.021227,31.13.82.0-255,66,198,42,198
118,0.0,104.244.42.0-255,66,66,42,264
119,0.012201,31.13.82.0-255,66,132,42,264
120,0.016524,31.13.82.0-255,66,198,42,264
121,0.058177,31.13.82.0-255,66,264,42,264
122,0.0,104.244.42.0-255,66,66,42,66
123,0.0,104.244.42.0-255,66,66,42,66
124,0.0,172.31.46.0-255,66,66,42,330
125,0.003103,104.244.42.0-255,66,132,42,330
126,0.007626,31.13.82.0-255,66,198,42,330
127,0.009895,31.13.82.0-255,66,264,42,330
128,0.050231,31.13.82.0-255,66,330,42,330
129,0.0,104.244.42.0-255,66,66,42,66
130,0.0,104.244.42.0-255,66,66,42,198
131,0.027163,31.13.82.0-255,66,132,42,198
132,0.03519,31.13.82.0-255,66,198,42,198
133,0.0,104.244.42.0-255,66,66,42,198
134,0.025573,31.13.82.0-255,66,132,42,198
135,0.03124,31.13.82.0-255,66,198,42,198
136,0.0,31.13.82.0-255,66,66,42,198
137,0.005396,31.13.82.0-255,66,132,42,198
138,0.042262,31.13.82.0-255,66,198,42,198
139,0.0,104.244.42.0-255,66,66,42,66
140,0.0,104.244.42.0-255,66,66,42,66
141,0.0,104.244.42.0-255,172,172,42,987
142,1.7e-05,172.31.46.0-255,66,238,42,987
143,0.029455,172.31.46.0-255,168,406,42,987
144,0.031151,104.244.42.0-255,66,472,42,987
145,0.03706,157.240.13.0-255,95,567,42,987
146,0.037071,172.31.46.0-255,66,633,42,987
147,0.03916,157.240.13.0-255,66,699,42,987
148,0.03943,172.31.46.0-255,90,789,42,987
149,0.039439,172.31.46.0-255,66,855,42,987
150,0.041023,157.240.13.0-255,66,921,42,987
151,0.04103,157.240.13.0-255,66,987,42,987
152,0.0,157.240.13.0-255,66,66,42,198
153,0.030213,172.31.46.0-255,66,132,42,198
154,0.031613,104.244.42.0-255,66,198,42,198
155,0.0,104.244.42.0-255,66,66,42,66
156,0.0,104.244.42.0-255,66,66,42,66
157,0.0,104.244.42.0-255,66,66,42,66
158,0.0,157.240.13.0-255,66,66,42,132
159,0.007202,104.244.42.0-255,66,132,42,132
160,0.0,104.244.42.0-255,66,66,42,198
161,0.030966,31.13.82.0-255,66,132,42,198
162,0.03436,31.13.82.0-255,66,198,42,198
163,0.0,104.244.42.0-255,66,66,42,66
164,0.0,157.240.13.0-255,66,66,42,132
165,0.00954,104.244.42.0-255,66,132,42,132
166,0.0,104.244.42.0-255,66,66,42,66
167,0.0,104.244.42.0-255,66,66,42,938
168,4.8e-05,104.244.42.0-255,97,163,42,938
169,6.4e-05,172.31.46.0-255,54,217,42,938
170,0.000142,104.244.42.0-255,66,283,42,938
171,0.000146,172.31.46.0-255,54,337,42,938
172,0.00038,104.244.42.0-255,66,403,42,938
173,0.000421,104.244.42.0-255,97,500,42,938
174,0.000427,172.31.46.0-255,54,554,42,938
175,0.000622,104.244.42.0-255,66,620,42,938
176,0.000627,172.31.46.0-255,54,674,42,938
177,0.00093,74.125.24.0-255,66,740,42,938
178,0.000958,74.125.24.0-255,66,806,42,938
179,0.000964,172.31.46.0-255,66,872,42,938
180,0.006068,104.244.42.0-255,66,938,42,938
181,0.0,157.240.13.0-255,66,66,42,132
182,0.003057,104.244.42.0-255,66,132,42,132
183,0.0,104.244.42.0-255,66,66,42,198
184,0.011755,31.13.82.0-255,66,132,42,198
185,0.016075,31.13.82.0-255,66,198,42,198
186,0.0,104.244.42.0-255,66,66,42,66
187,0.0,157.240.13.0-255,66,66,42,132
188,0.005533,104.244.42.0-255,66,132,42,132
189,0.0,104.244.42.0-255,66,66,42,66
190,0.0,104.244.42.0-255,171,171,42,976
191,1.2e-05,172.31.46.0-255,66,237,42,976
192,0.012486,172.31.46.0-255,158,395,42,976
193,0.014141,104.244.42.0-255,66,461,42,976
194,0.024622,157.240.13.0-255,95,556,42,976
195,0.02464,172.31.46.0-255,66,622,42,976
196,0.027429,157.240.13.0-255,66,688,42,976
197,0.027754,172.31.46.0-255,90,778,42,976
198,0.027766,172.31.46.0-255,66,844,42,976
199,0.029616,157.240.13.0-255,66,910,42,976
200,0.029636,157.240.13.0-255,66,976,42,976
201,0.0,157.240.13.0-255,66,66,42,132
202,0.0051,104.244.42.0-255,66,132,42,132
203,0.0,157.240.13.0-255,66,66,42,132
204,0.005019,104.244.42.0-255,66,132,42,132
205,0.0,104.244.42.0-255,66,66,42,66
206,0.0,104.244.42.0-255,171,171,42,976
207,1.7e-05,172.31.46.0-255,66,237,42,976
208,0.010702,172.31.46.0-255,158,395,42,976
209,0.012235,104.244.42.0-255,66,461,42,976
210,0.027224,157.240.13.0-255,95,556,42,976
211,0.027243,172.31.46.0-255,66,622,42,976
212,0.030508,157.240.13.0-255,66,688,42,976
213,0.030802,172.31.46.0-255,90,778,42,976
214,0.030814,172.31.46.0-255,66,844,42,976
215,0.032827,157.240.13.0-255,66,910,42,976
216,0.032842,157.240.13.0-255,66,976,42,976
217,0.0,104.244.42.0-255,66,66,42,66
218,0.0,104.244.42.0-255,66,66,42,264
219,0.016774,31.13.82.0-255,66,132,42,264
220,0.018373,31.13.82.0-255,66,198,42,264
221,0.058683,31.13.82.0-255,66,264,42,264
222,0.0,104.244.42.0-255,172,172,42,977
223,2e-05,172.31.46.0-255,66,238,42,977
224,0.015488,172.31.46.0-255,158,396,42,977
225,0.017087,104.244.42.0-255,66,462,42,977
226,0.024068,157.240.13.0-255,95,557,42,977
227,0.024089,172.31.46.0-255,66,623,42,977
228,0.028176,157.240.13.0-255,66,689,42,977
229,0.028883,172.31.46.0-255,90,779,42,977
230,0.028894,172.31.46.0-255,66,845,42,977
231,0.03044,157.240.13.0-255,66,911,42,977
232,0.030451,157.240.13.0-255,66,977,42,977
233,0.0,104.244.42.0-255,66,66,42,132
234,0.056085,31.13.82.0-255,66,132,42,132
235,0.0,104.244.42.0-255,66,66,42,66
236,0.0,157.240.13.0-255,66,66,42,132
237,0.005258,104.244.42.0-255,66,132,42,132
238,0.0,104.244.42.0-255,66,66,42,198
239,0.015015,31.13.82.0-255,66,132,42,198
240,0.020265,31.13.82.0-255,66,198,42,198
241,0.0,104.244.42.0-255,66,66,42,198
242,0.015935,31.13.82.0-255,66,132,42,198
243,0.018394,31.13.82.0-255,66,198,42,198
244,0.0,172.31.46.0-255,66,66,42,132
245,0.005243,104.244.42.0-255,66,132,42,132
246,0.0,157.240.13.0-255,66,66,42,132
247,0.004043,104.244.42.0-255,66,132,42,132
248,0.0,104.244.42.0-255,66,66,42,264
249,0.013142,31.13.82.0-255,66,132,42,264
250,0.016175,31.13.82.0-255,66,198,42,264
251,0.056422,31.13.82.0-255,66,264,42,264
252,0.0,104.244.42.0-255,66,66,42,66
253,0.0,104.244.42.0-255,66,66,42,66
254,0.0,104.244.42.0-255,66,66,42,66
255,0.0,31.13.82.0-255,66,66,42,132
256,0.00562,31.13.82.0-255,66,132,42,132
257,0.0,104.244.42.0-255,66,66,42,264
258,0.010788,31.13.82.0-255,66,132,42,264
259,0.015517,31.13.82.0-255,66,198,42,264
260,0.058667,31.13.82.0-255,66,264,42,264
261,0.0,31.13.82.0-255,66,66,42,132
262,0.00436,31.13.82.0-255,66,132,42,132
263,0.0,104.244.42.0-255,66,66,42,369
264,0.013762,31.13.82.0-255,66,132,42,369
265,0.016344,172.31.46.0-255,105,237,42,369
266,0.017484,31.13.82.0-255,66,303,42,369
267,0.057224,31.13.82.0-255,66,369,42,369
268,0.0,104.244.42.0-255,172,172,42,977
269,1.8e-05,172.31.46.0-255,66,238,42,977
270,0.013689,172.31.46.0-255,158,396,42,977
271,0.015248,104.244.42.0-255,66,462,42,977
272,0.026711,157.240.13.0-255,95,557,42,977
273,0.026725,172.31.46.0-255,66,623,42,977
274,0.029733,157.240.13.0-255,66,689,42,977
275,0.030076,172.31.46.0-255,90,779,42,977
276,0.030086,172.31.46.0-255,66,845,42,977
277,0.03151,157.240.13.0-255,66,911,42,977
278,0.031522,157.240.13.0-255,66,977,42,977
279,0.0,31.13.82.0-255,66,66,42,198
280,0.002955,31.13.82.0-255,66,132,42,198
281,0.027266,31.13.82.0-255,66,198,42,198
282,0.0,104.244.42.0-255,66,66,42,66
283,0.0,172.31.46.0-255,66,66,42,132
284,0.00578,104.244.42.0-255,66,132,42,132
285,0.0,157.240.13.0-255,66,66,42,132
286,0.004308,104.244.42.0-255,66,132,42,132
287,0.0,104.244.42.0-255,66,66,42,264
288,0.006761,31.13.82.0-255,66,132,42,264
289,0.01272,31.13.82.0-255,66,198,42,264
290,0.052106,31.13.82.0-255,66,264,42,264
291,0.0,104.244.42.0-255,66,66,42,198
292,0.011876,31.13.82.0-255,66,132,42,198
293,0.019856,31.13.82.0-255,66,198,42,198
294,0.0,104.244.42.0-255,66,66,42,66
295,0.0,104.244.42.0-255,66,66,42,198
296,0.013839,31.13.82.0-255,66,132,42,198
297,0.017783,31.13.82.0-255,66,198,42,198
298,0.0,104.244.42.0-255,66,66,42,66
299,0.0,172.31.46.0-255,66,66,42,132
300,0.001976,104.244.42.0-255,66,132,42,132
301,0.0,157.240.13.0-255,66,66,42,132
302,0.006266,104.244.42.0-255,66,132,42,132
303,0.0,31.13.82.0-255,66,66,42,198
304,0.004472,31.13.82.0-255,66,132,42,198
305,0.04284,31.13.82.0-255,66,198,42,198
306,0.0,104.244.42.0-255,66,66,42,264
307,0.008089,31.13.82.0-255,66,132,42,264
308,0.012637,31.13.82.0-255,66,198,42,264
309,0.052237,31.13.82.0-255,66,264,42,264
310,0.0,104.244.42.0-255,66,66,42,264
311,0.013335,31.13.82.0-255,66,132,42,264
312,0.018322,31.13.82.0-255,66,198,42,264
313,0.056814,31.13.82.0-255,66,264,42,264
314,0.0,104.244.42.0-255,66,66,42,264
315,0.017235,31.13.82.0-255,66,132,42,264
316,0.020353,31.13.82.0-255,66,198,42,264
317,0.058412,31.13.82.0-255,66,264,42,264
318,0.0,104.244.42.0-255,66,66,42,66
319,0.0,104.244.42.0-255,66,66,42,66
320,0.0,104.244.42.0-255,66,66,42,132
321,0.053212,31.13.82.0-255,66,132,42,132
322,0.0,31.13.82.0-255,66,66,42,198
323,0.005737,31.13.82.0-255,66,132,42,198
324,0.045334,31.13.82.0-255,66,198,42,198
325,0.0,104.244.42.0-255,66,66,42,198
326,0.016888,31.13.82.0-255,66,132,42,198
327,0.020381,31.13.82.0-255,66,198,42,198
328,0.0,104.244.42.0-255,66,66,42,198
329,0.030242,31.13.82.0-255,66,132,42,198
330,0.03312,31.13.82.0-255,66,198,42,198
331,0.0,104.244.42.0-255,66,66,42,198
332,0.015533,31.13.82.0-255,66,132,42,198
333,0.019215,31.13.82.0-255,66,198,42,198
334,0.0,172.31.46.0-255,66,66,42,330
335,0.005176,104.244.42.0-255,66,132,42,330
336,0.007479,31.13.82.0-255,66,198,42,330
337,0.011583,31.13.82.0-255,66,264,42,330
338,0.051328,31.13.82.0-255,66,330,42,330
339,0.0,104.244.42.0-255,66,66,42,198
340,0.014543,31.13.82.0-255,66,132,42,198
341,0.026493,31.13.82.0-255,66,198,42,198
342,0.0,104.244.42.0-255,66,66,42,198
343,0.032,31.13.82.0-255,66,132,42,198
344,0.036856,31.13.82.0-255,66,198,42,198
345,0.0,104.244.42.0-255,66,66,42,66
346,0.0,104.244.42.0-255,172,172,42,968
347,1.7e-05,172.31.46.0-255,66,238,42,968
348,0.012619,172.31.46.0-255,149,387,42,968
349,0.014183,104.244.42.0-255,66,453,42,968
350,0.02245,157.240.13.0-255,95,548,42,968
351,0.022461,172.31.46.0-255,66,614,42,968
352,0.027656,157.240.13.0-255,66,680,42,968
353,0.027965,172.31.46.0-255,90,770,42,968
354,0.027978,172.31.46.0-255,66,836,42,968
355,0.029412,157.240.13.0-255,66,902,42,968
356,0.029423,157.240.13.0-255,66,968,42,968
357,0.0,104.244.42.0-255,172,172,42,977
358,1.6e-05,172.31.46.0-255,66,238,42,977
359,0.011456,172.31.46.0-255,158,396,42,977
360,0.013132,104.244.42.0-255,66,462,42,977
361,0.025412,157.240.13.0-255,95,557,42,977
362,0.025434,172.31.46.0-255,66,623,42,977
363,0.029532,157.240.13.0-255,66,689,42,977
364,0.029804,172.31.46.0-255,90,779,42,977
365,0.029816,172.31.46.0-255,66,845,42,977
366,0.031637,157.240.13.0-255,66,911,42,977
367,0.031646,157.240.13.0-255,66,977,42,977
368,0.0,31.13.82.0-255,66,66,42,198
369,0.003199,31.13.82.0-255,66,132,42,198
370,0.044486,31.13.82.0-255,66,198,42,198
371,0.0,104.244.42.0-255,66,66,42,66
372,0.0,157.240.13.0-255,66,66,42,132
373,0.003839,104.244.42.0-255,66,132,42,132
374,0.0,104.244.42.0-255,66,66,42,66
375,0.0,31.13.82.0-255,66,66,42,132
376,0.003398,31.13.82.0-255,66,132,42,132
377,0.0,104.244.42.0-255,66,66,42,198
378,0.005632,31.13.82.0-255,66,132,42,198
379,0.008373,31.13.82.0-255,66,198,42,198
380,0.0,104.244.42.0-255,66,66,42,198
381,0.03135,31.13.82.0-255,66,132,42,198
382,0.036045,31.13.82.0-255,66,198,42,198
383,0.0,104.244.42.0-255,66,66,42,198
384,0.030416,31.13.82.0-255,66,132,42,198
385,0.033954,31.13.82.0-255,66,198,42,198
386,0.0,157.240.13.0-255,66,66,42,132
387,0.003681,104.244.42.0-255,66,132,42,132
388,0.0,104.244.42.0-255,66,66,42,264
389,0.013269,31.13.82.0-255,66,132,42,264
390,0.01566,31.13.82.0-255,66,198,42,264
391,0.056521,31.13.82.0-255,66,264,42,264
392,0.0,104.244.42.0-255,172,172,42,453
393,1.9e-05,172.31.46.0-255,66,238,42,453
394,0.012717,172.31.46.0-255,149,387,42,453
395,0.014241,104.244.42.0-255,66,453,42,453
396,0.0,157.240.13.0-255,66,66,42,132
397,0.020776,104.244.42.0-255,66,132,42,132
