,TIME,SRC,PACKET_SIZE,CUMULATIVE_PACKET_SIZE,PAGE_NUMBER,TOTAL_PACKET_SIZE
0,0.0,172.31.47.0-255,149,149,89,281
1,0.018122,157.240.13.0-255,66,215,89,281
2,0.041848,104.244.42.0-255,66,281,89,281
3,0.0,157.240.13.0-255,66,66,89,132
4,0.011815,104.244.42.0-255,66,132,89,132
5,0.0,157.240.13.0-255,66,66,89,132
6,0.017132,104.244.42.0-255,66,132,89,132
7,0.0,104.244.42.0-255,66,66,89,264
8,0.013629,31.13.82.0-255,66,132,89,264
9,0.016993,31.13.82.0-255,66,198,89,264
10,0.057336,31.13.82.0-255,66,264,89,264
11,0.0,157.240.13.0-255,66,66,89,132
12,0.010976,104.244.42.0-255,66,132,89,132
13,0.0,172.31.47.0-255,148,148,89,280
14,0.013862,157.240.13.0-255,66,214,89,280
15,0.042691,104.244.42.0-255,66,280,89,280
16,0.0,157.240.13.0-255,66,66,89,264
17,0.009935,104.244.42.0-255,66,132,89,264
18,0.021117,31.13.82.0-255,66,198,89,264
19,0.025308,31.13.82.0-255,66,264,89,264
20,0.0,157.240.13.0-255,66,66,89,132
21,0.009046,104.244.42.0-255,66,132,89,132
22,0.0,157.240.13.0-255,66,66,89,132
23,0.011787,104.244.42.0-255,66,132,89,132
24,0.0,104.244.42.0-255,66,66,89,264
25,0.016661,31.13.82.0-255,66,132,89,264
26,0.020514,31.13.82.0-255,66,198,89,264
27,0.059935,31.13.82.0-255,66,264,89,264
28,0.0,104.244.42.0-255,66,66,89,132
29,0.059862,31.13.82.0-255,66,132,89,132
30,0.0,104.244.42.0-255,66,66,89,264
31,0.011317,31.13.82.0-255,66,132,89,264
32,0.014885,31.13.82.0-255,66,198,89,264
33,0.056133,31.13.82.0-255,66,264,89,264
34,0.0,157.240.13.0-255,66,66,89,132
35,0.004331,104.244.42.0-255,66,132,89,132
36,0.0,157.240.13.0-255,66,66,89,132
37,0.019094,104.244.42.0-255,66,132,89,132
38,0.0,157.240.13.0-255,66,66,89,132
39,0.016356,104.244.42.0-255,66,132,89,132
40,0.0,157.240.13.0-255,66,66,89,132
41,0.016193,104.244.42.0-255,66,132,89,132
42,0.0,104.244.42.0-255,66,66,89,198
43,0.013746,31.13.82.0-255,66,132,89,198
44,0.017843,31.13.82.0-255,66,198,89,198
45,0.0,104.244.42.0-255,66,66,89,264
46,0.011386,31.13.82.0-255,66,132,89,264
47,0.015122,31.13.82.0-255,66,198,89,264
48,0.054771,31.13.82.0-255,66,264,89,264
49,0.0,104.244.42.0-255,66,66,89,198
50,0.009117,31.13.82.0-255,66,132,89,198
51,0.012292,31.13.82.0-255,66,198,89,198
52,0.0,104.244.42.0-255,66,66,89,264
53,0.010592,31.13.82.0-255,66,132,89,264
54,0.014286,31.13.82.0-255,66,198,89,264
55,0.053527,31.13.82.0-255,66,264,89,264
56,0.0,104.244.42.0-255,66,66,89,264
57,0.016231,31.13.82.0-255,66,132,89,264
58,0.020224,31.13.82.0-255,66,198,89,264
59,0.059605,31.13.82.0-255,66,264,89,264
60,0.0,157.240.13.0-255,66,66,89,132
61,0.011087,104.244.42.0-255,66,132,89,132
62,0.0,104.244.42.0-255,66,66,89,132
63,0.054635,31.13.82.0-255,66,132,89,132
64,0.0,104.244.42.0-255,66,66,89,66
65,0.0,157.240.13.0-255,66,66,89,132
66,0.00944,104.244.42.0-255,66,132,89,132
67,0.0,157.240.13.0-255,66,66,89,540
68,0.015137,104.244.42.0-255,66,132,89,540
69,0.021633,31.13.82.0-255,66,198,89,540
70,0.025684,31.13.82.0-255,66,264,89,540
71,0.026104,172.31.47.0-255,105,369,89,540
72,0.027972,157.240.13.0-255,105,474,89,540
73,0.027981,172.31.47.0-255,66,540,89,540
74,0.0,157.240.13.0-255,66,66,89,132
75,0.015755,104.244.42.0-255,66,132,89,132
76,0.0,172.31.47.0-255,148,148,89,280
77,0.004434,157.240.13.0-255,66,214,89,280
78,0.04221,104.244.42.0-255,66,280,89,280
79,0.0,104.244.42.0-255,66,66,89,264
80,0.005217,31.13.82.0-255,66,132,89,264
81,0.00968,31.13.82.0-255,66,198,89,264
82,0.050405,31.13.82.0-255,66,264,89,264
83,0.0,157.240.13.0-255,66,66,89,408
84,0.026698,172.31.47.0-255,105,171,89,408
85,0.028762,157.240.13.0-255,105,276,89,408
86,0.028782,172.31.47.0-255,66,342,89,408
87,0.028885,104.244.42.0-255,66,408,89,408
88,0.0,104.244.42.0-255,66,66,89,264
89,0.008021,31.13.82.0-255,66,132,89,264
90,0.011786,31.13.82.0-255,66,198,89,264
91,0.054531,31.13.82.0-255,66,264,89,264
92,0.0,157.240.13.0-255,66,66,89,132
93,0.015613,104.244.42.0-255,66,132,89,132
94,0.0,104.244.42.0-255,66,66,89,264
95,0.007708,31.13.82.0-255,66,132,89,264
96,0.011117,31.13.82.0-255,66,198,89,264
97,0.051978,31.13.82.0-255,66,264,89,264
98,0.0,104.244.42.0-255,66,66,89,264
99,0.009455,31.13.82.0-255,66,132,89,264
100,0.012454,31.13.82.0-255,66,198,89,264
101,0.05668,31.13.82.0-255,66,264,89,264
102,0.0,157.240.13.0-255,66,66,89,132
103,0.010902,104.244.42.0-255,66,132,89,132
104,0.0,104.244.42.0-255,66,66,89,522
105,4.7e-05,104.244.42.0-255,104,170,89,522
106,0.006261,104.244.42.0-255,104,274,89,522
107,0.006277,172.31.47.0-255,78,352,89,522
108,0.01206,157.240.13.0-255,66,418,89,522
109,0.021825,172.31.47.0-255,104,522,89,522
110,0.0,157.240.13.0-255,66,66,89,264
111,0.013228,104.244.42.0-255,66,132,89,264
112,0.027059,31.13.82.0-255,66,198,89,264
113,0.030245,31.13.82.0-255,66,264,89,264
114,0.0,157.240.13.0-255,66,66,89,132
115,0.014374,104.244.42.0-255,66,132,89,132
116,0.0,157.240.13.0-255,66,66,89,264
117,0.01458,104.244.42.0-255,66,132,89,264
118,0.034476,31.13.82.0-255,66,198,89,264
119,0.03851,31.13.82.0-255,66,264,89,264
120,0.0,104.244.42.0-255,66,66,89,264
121,0.019814,31.13.82.0-255,66,132,89,264
122,0.024015,31.13.82.0-255,66,198,89,264
123,0.058576,31.13.82.0-255,66,264,89,264
124,0.0,172.31.47.0-255,149,149,89,281
125,0.014919,157.240.13.0-255,66,215,89,281
126,0.042283,104.244.42.0-255,66,281,89,281
127,0.0,104.244.42.0-255,66,66,89,198
128,0.018002,31.13.82.0-255,66,132,89,198
129,0.023421,31.13.82.0-255,66,198,89,198
130,0.0,157.240.13.0-255,66,66,89,132
131,0.010311,104.244.42.0-255,66,132,89,132
132,0.0,157.240.13.0-255,66,66,89,2769
133,0.00697,172.31.47.0-255,74,140,89,2769
134,0.008627,104.244.42.0-255,74,214,89,2769
135,0.008642,172.31.47.0-255,66,280,89,2769
136,0.010736,172.31.47.0-255,612,892,89,2769
137,0.012375,104.244.42.0-255,66,958,89,2769
138,0.012532,104.244.42.0-255,212,1170,89,2769
139,0.012537,172.31.47.0-255,66,1236,89,2769
140,0.018715,172.31.47.0-255,117,1353,89,2769
141,0.020391,172.31.47.0-255,243,1596,89,2769
142,0.020416,172.31.47.0-255,723,2319,89,2769
143,0.020465,104.244.42.0-255,110,2429,89,2769
144,0.021222,172.31.47.0-255,104,2533,89,2769
145,0.022072,104.244.42.0-255,66,2599,89,2769
146,0.022124,104.244.42.0-255,104,2703,89,2769
147,0.058452,172.31.47.0-255,66,2769,89,2769
148,0.0,157.240.13.0-255,66,66,89,132
149,0.011365,104.244.42.0-255,66,132,89,132
150,0.0,157.240.13.0-255,66,66,89,132
151,0.012285,104.244.42.0-255,66,132,89,132
152,0.0,157.240.13.0-255,66,66,89,132
153,0.011256,104.244.42.0-255,66,132,89,132
154,0.0,104.244.42.0-255,66,66,89,132
155,0.050933,31.13.82.0-255,66,132,89,132
156,0.0,157.240.13.0-255,66,66,89,132
157,0.012202,104.244.42.0-255,66,132,89,132
158,0.0,157.240.13.0-255,66,66,89,132
159,0.00936,104.244.42.0-255,66,132,89,132
160,0.0,157.240.13.0-255,66,66,89,264
161,0.008736,104.244.42.0-255,66,132,89,264
162,0.020475,31.13.82.0-255,66,198,89,264
163,0.024028,31.13.82.0-255,66,264,89,264
164,0.0,172.31.47.0-255,149,149,89,281
165,0.015905,157.240.13.0-255,66,215,89,281
166,0.042607,104.244.42.0-255,66,281,89,281
167,0.0,157.240.13.0-255,66,66,89,720
168,0.009147,104.244.42.0-255,66,132,89,720
169,0.040763,172.31.47.0-255,104,236,89,720
170,0.040908,172.31.47.0-255,89,325,89,720
171,0.040916,172.31.47.0-255,66,391,89,720
172,0.043662,151.101.10.0-255,66,457,89,720
173,0.044084,151.101.10.0-255,89,546,89,720
174,0.044094,172.31.47.0-255,54,600,89,720
175,0.044121,151.101.10.0-255,66,666,89,720
176,0.044124,172.31.47.0-255,54,720,89,720
177,0.0,172.31.47.0-255,149,149,89,281
178,0.013141,157.240.13.0-255,66,215,89,281
179,0.042405,104.244.42.0-255,66,281,89,281
180,0.0,172.31.47.0-255,101,101,89,382
181,0.011971,172.31.47.0-255,149,250,89,382
182,0.041784,157.240.13.0-255,66,316,89,382
183,0.053883,104.244.42.0-255,66,382,89,382
184,0.0,157.240.13.0-255,66,66,89,132
185,0.018566,104.244.42.0-255,66,132,89,132
186,0.0,157.240.13.0-255,66,66,89,264
187,0.009939,104.244.42.0-255,66,132,89,264
188,0.033354,31.13.82.0-255,66,198,89,264
189,0.036502,31.13.82.0-255,66,264,89,264
190,0.0,157.240.13.0-255,66,66,89,132
191,0.020347,104.244.42.0-255,66,132,89,132
192,0.0,157.240.13.0-255,66,66,89,132
193,0.011507,104.244.42.0-255,66,132,89,132
194,0.0,104.244.42.0-255,66,66,89,132
195,0.053911,31.13.82.0-255,66,132,89,132
196,0.0,104.244.42.0-255,66,66,89,264
197,0.007736,31.13.82.0-255,66,132,89,264
198,0.012236,31.13.82.0-255,66,198,89,264
199,0.055404,31.13.82.0-255,66,264,89,264
200,0.0,157.240.13.0-255,66,66,89,132
201,0.0091,104.244.42.0-255,66,132,89,132
202,0.0,157.240.13.0-255,66,66,89,132
203,0.009929,104.244.42.0-255,66,132,89,132
204,0.0,157.240.13.0-255,66,66,89,264
205,0.009024,104.244.42.0-255,66,132,89,264
206,0.035165,31.13.82.0-255,66,198,89,264
207,0.03865,31.13.82.0-255,66,264,89,264
208,0.0,104.244.42.0-255,66,66,89,66
209,0.0,157.240.13.0-255,66,66,89,132
210,0.010868,104.244.42.0-255,66,132,89,132
211,0.0,157.240.13.0-255,66,66,89,132
212,0.010114,104.244.42.0-255,66,132,89,132
213,0.0,157.240.13.0-255,66,66,89,132
214,0.008329,104.244.42.0-255,66,132,89,132
215,0.0,172.31.47.0-255,149,149,89,215
216,0.04251,104.244.42.0-255,66,215,89,215
217,0.0,157.240.13.0-255,66,66,89,264
218,0.009436,104.244.42.0-255,66,132,89,264
219,0.036053,31.13.82.0-255,66,198,89,264
220,0.038827,31.13.82.0-255,66,264,89,264
221,0.0,157.240.13.0-255,66,66,89,132
222,0.011287,104.244.42.0-255,66,132,89,132
223,0.0,157.240.13.0-255,66,66,89,132
224,0.010462,104.244.42.0-255,66,132,89,132
225,0.0,157.240.13.0-255,66,66,89,264
226,0.012414,104.244.42.0-255,66,132,89,264
227,0.021605,31.13.82.0-255,66,198,89,264
228,0.026417,31.13.82.0-255,66,264,89,264
229,0.0,157.240.13.0-255,66,66,89,132
230,0.009292,104.244.42.0-255,66,132,89,132
231,0.0,104.244.42.0-255,66,66,89,264
232,0.009169,31.13.82.0-255,66,132,89,264
233,0.013825,31.13.82.0-255,66,198,89,264
234,0.055912,31.13.82.0-255,66,264,89,264
235,0.0,157.240.13.0-255,66,66,89,132
236,0.010787,104.244.42.0-255,66,132,89,132
237,0.0,157.240.13.0-255,66,66,89,3079
238,0.004398,172.31.47.0-255,74,140,89,3079
239,0.006047,104.244.42.0-255,74,214,89,3079
240,0.006061,172.31.47.0-255,66,280,89,3079
241,0.008065,172.31.47.0-255,612,892,89,3079
242,0.009698,104.244.42.0-255,66,958,89,3079
243,0.010165,104.244.42.0-255,407,1365,89,3079
244,0.010175,172.31.47.0-255,66,1431,89,3079
245,0.017436,172.31.47.0-255,117,1548,89,3079
246,0.018775,172.31.47.0-255,243,1791,89,3079
247,0.0188,172.31.47.0-255,722,2513,89,3079
248,0.019209,104.244.42.0-255,110,2623,89,3079
249,0.020446,104.244.42.0-255,66,2689,89,3079
250,0.02058,104.244.42.0-255,104,2793,89,3079
251,0.026762,104.244.42.0-255,104,2897,89,3079
252,0.026781,172.31.47.0-255,78,2975,89,3079
253,0.031623,172.31.47.0-255,104,3079,89,3079
254,0.0,157.240.13.0-255,66,66,89,132
255,0.010368,104.244.42.0-255,66,132,89,132
256,0.0,104.244.42.0-255,66,66,89,264
257,0.017783,31.13.82.0-255,66,132,89,264
258,0.021158,31.13.82.0-255,66,198,89,264
259,0.050203,31.13.82.0-255,66,264,89,264
260,0.0,172.31.47.0-255,149,149,89,347
261,0.018397,31.13.82.0-255,66,215,89,347
262,0.024203,31.13.82.0-255,66,281,89,347
263,0.043038,104.244.42.0-255,66,347,89,347
264,0.0,157.240.13.0-255,66,66,89,132
265,0.011844,104.244.42.0-255,66,132,89,132
266,0.0,157.240.13.0-255,66,66,89,132
267,0.009271,104.244.42.0-255,66,132,89,132
268,0.0,157.240.13.0-255,66,66,89,264
269,0.01609,104.244.42.0-255,66,132,89,264
270,0.021905,31.13.82.0-255,66,198,89,264
271,0.025156,31.13.82.0-255,66,264,89,264
272,0.0,157.240.13.0-255,66,66,89,132
273,0.011027,104.244.42.0-255,66,132,89,132
274,0.0,157.240.13.0-255,66,66,89,132
275,0.01185,104.244.42.0-255,66,132,89,132
276,0.0,104.244.42.0-255,66,66,89,264
277,0.012055,31.13.82.0-255,66,132,89,264
278,0.016554,31.13.82.0-255,66,198,89,264
279,0.05806,31.13.82.0-255,66,264,89,264
280,0.0,157.240.13.0-255,66,66,89,132
281,0.015797,104.244.42.0-255,66,132,89,132
282,0.0,104.244.42.0-255,66,66,89,198
283,0.01691,31.13.82.0-255,66,132,89,198
284,0.021942,31.13.82.0-255,66,198,89,198
285,0.0,157.240.13.0-255,66,66,89,132
286,0.016102,104.244.42.0-255,66,132,89,132
287,0.0,157.240.13.0-255,66,66,89,198
288,0.010505,157.240.13.0-255,66,132,89,198
289,0.011504,104.244.42.0-255,66,198,89,198
290,0.0,172.31.47.0-255,66,66,89,198
291,0.003056,104.244.42.0-255,66,132,89,198
292,0.042699,31.13.82.0-255,66,198,89,198
293,0.0,172.31.47.0-255,105,105,89,408
294,0.001896,157.240.13.0-255,105,210,89,408
295,0.001909,172.31.47.0-255,66,276,89,408
296,0.006939,157.240.13.0-255,66,342,89,408
297,0.018517,104.244.42.0-255,66,408,89,408
298,0.0,157.240.13.0-255,66,66,89,132
299,0.0112,104.244.42.0-255,66,132,89,132
300,0.0,157.240.13.0-255,66,66,89,132
301,0.010826,104.244.42.0-255,66,132,89,132
302,0.0,157.240.13.0-255,66,66,89,132
303,0.013578,104.244.42.0-255,66,132,89,132
304,0.0,157.240.13.0-255,66,66,89,132
305,0.014925,104.244.42.0-255,66,132,89,132
306,0.0,104.244.42.0-255,66,66,89,198
307,0.017068,31.13.82.0-255,66,132,89,198
308,0.020356,31.13.82.0-255,66,198,89,198
309,0.0,104.244.42.0-255,66,66,89,264
310,0.009406,31.13.82.0-255,66,132,89,264
311,0.013598,31.13.82.0-255,66,198,89,264
312,0.053797,31.13.82.0-255,66,264,89,264
313,0.0,104.244.42.0-255,66,66,89,132
314,0.056743,31.13.82.0-255,66,132,89,132
315,0.0,157.240.13.0-255,66,66,89,132
316,0.017334,104.244.42.0-255,66,132,89,132
317,0.0,157.240.13.0-255,66,66,89,369
318,0.001612,172.31.47.0-255,105,171,89,369
319,0.013226,104.244.42.0-255,66,237,89,369
320,0.021433,31.13.82.0-255,66,303,89,369
321,0.02638,31.13.82.0-255,66,369,89,369
322,0.0,157.240.13.0-255,66,66,89,132
323,0.012187,104.244.42.0-255,66,132,89,132
324,0.0,104.244.42.0-255,66,66,89,264
325,0.012386,31.13.82.0-255,66,132,89,264
326,0.015203,31.13.82.0-255,66,198,89,264
327,0.057396,31.13.82.0-255,66,264,89,264
328,0.0,157.240.13.0-255,66,66,89,132
329,0.01057,104.244.42.0-255,66,132,89,132
330,0.0,157.240.13.0-255,66,66,89,132
331,0.008985,104.244.42.0-255,66,132,89,132
332,0.0,104.244.42.0-255,66,66,89,264
333,0.014506,31.13.82.0-255,66,132,89,264
334,0.0187,31.13.82.0-255,66,198,89,264
335,0.056917,31.13.82.0-255,66,264,89,264
336,0.0,157.240.13.0-255,66,66,89,132
337,0.014783,104.244.42.0-255,66,132,89,132
338,0.0,157.240.13.0-255,66,66,89,132
339,0.009445,104.244.42.0-255,66,132,89,132
340,0.0,172.31.47.0-255,66,66,89,330
341,0.001039,31.13.82.0-255,66,132,89,330
342,0.003769,104.244.42.0-255,66,198,89,330
343,0.004862,31.13.82.0-255,66,264,89,330
344,0.048387,31.13.82.0-255,66,330,89,330
345,0.0,157.240.13.0-255,66,66,89,132
346,0.010088,104.244.42.0-255,66,132,89,132
347,0.0,157.240.13.0-255,66,66,89,132
348,0.011871,104.244.42.0-255,66,132,89,132
349,0.0,157.240.13.0-255,66,66,89,132
350,0.011177,104.244.42.0-255,66,132,89,132
351,0.0,104.244.42.0-255,66,66,89,132
352,0.055424,31.13.82.0-255,66,132,89,132
353,0.0,157.240.13.0-255,66,66,89,132
354,0.007568,104.244.42.0-255,66,132,89,132
355,0.0,104.244.42.0-255,66,66,89,198
356,0.025925,31.13.82.0-255,66,132,89,198
357,0.028903,31.13.82.0-255,66,198,89,198
358,0.0,172.31.47.0-255,121,121,89,467
359,0.007541,172.31.47.0-255,101,222,89,467
360,0.021133,172.31.47.0-255,96,318,89,467
361,0.034426,172.31.47.0-255,149,467,89,467
362,0.0,157.240.13.0-255,66,66,89,408
363,0.014568,104.244.42.0-255,66,132,89,408
364,0.037157,172.31.47.0-255,105,237,89,408
365,0.03878,157.240.13.0-255,105,342,89,408
366,0.038787,172.31.47.0-255,66,408,89,408
367,0.0,172.31.47.0-255,74,74,89,2885
368,0.001677,104.244.42.0-255,74,148,89,2885
369,0.001691,172.31.47.0-255,66,214,89,2885
370,0.005401,172.31.47.0-255,612,826,89,2885
371,0.007076,104.244.42.0-255,66,892,89,2885
372,0.007241,104.244.42.0-255,212,1104,89,2885
373,0.007248,172.31.47.0-255,66,1170,89,2885
374,0.011485,172.31.47.0-255,117,1287,89,2885
375,0.012916,172.31.47.0-255,243,1530,89,2885
376,0.012943,172.31.47.0-255,723,2253,89,2885
377,0.013238,104.244.42.0-255,110,2363,89,2885
378,0.014585,104.244.42.0-255,66,2429,89,2885
379,0.014626,104.244.42.0-255,104,2533,89,2885
380,0.02056,172.31.47.0-255,104,2637,89,2885
381,0.022097,104.244.42.0-255,104,2741,89,2885
382,0.02211,172.31.47.0-255,78,2819,89,2885
383,0.027769,157.240.13.0-255,66,2885,89,2885
384,0.0,104.244.42.0-255,66,66,89,66
385,0.0,172.31.47.0-255,148,148,89,280
386,0.020054,157.240.13.0-255,66,214,89,280
387,0.041538,104.244.42.0-255,66,280,89,280
388,0.0,104.244.42.0-255,66,66,89,198
389,0.016055,31.13.82.0-255,66,132,89,198
390,0.020052,31.13.82.0-255,66,198,89,198
391,0.0,157.240.13.0-255,66,66,89,132
392,0.009989,104.244.42.0-255,66,132,89,132
393,0.0,157.240.13.0-255,66,66,89,132
394,0.014536,104.244.42.0-255,66,132,89,132
