,TIME,SRC,PACKET_SIZE,CUMULATIVE_PACKET_SIZE,PAGE_NUMBER,TOTAL_PACKET_SIZE
0,0.0,157.240.7.0-255,66,66,40,132
1,0.01149,104.244.42.0-255,66,132,40,132
2,0.0,157.240.7.0-255,66,66,40,132
3,0.010154,104.244.42.0-255,66,132,40,132
4,0.0,157.240.7.0-255,66,66,40,132
5,0.009813,104.244.42.0-255,66,132,40,132
6,0.0,104.244.42.0-255,66,66,40,264
7,0.01145,31.13.82.0-255,66,132,40,264
8,0.016651,31.13.82.0-255,66,198,40,264
9,0.05749,31.13.82.0-255,66,264,40,264
10,0.0,172.31.33.0-255,149,149,40,281
11,0.017034,157.240.7.0-255,66,215,40,281
12,0.042202,104.244.42.0-255,66,281,40,281
13,0.0,157.240.7.0-255,66,66,40,132
14,0.015289,104.244.42.0-255,66,132,40,132
15,0.0,157.240.7.0-255,66,66,40,132
16,0.013303,104.244.42.0-255,66,132,40,132
17,0.0,157.240.7.0-255,66,66,40,132
18,0.012538,104.244.42.0-255,66,132,40,132
19,0.0,157.240.7.0-255,66,66,40,132
20,0.013751,104.244.42.0-255,66,132,40,132
21,0.0,172.31.33.0-255,149,149,40,347
22,0.036015,31.13.82.0-255,66,215,40,347
23,0.041628,104.244.42.0-255,66,281,40,347
24,0.044487,31.13.82.0-255,66,347,40,347
25,0.0,157.240.13.0-255,66,66,40,264
26,0.017905,104.244.42.0-255,66,132,40,264
27,0.02965,31.13.82.0-255,66,198,40,264
28,0.034239,31.13.82.0-255,66,264,40,264
29,0.0,172.31.33.0-255,149,149,40,281
30,0.006872,157.240.13.0-255,66,215,40,281
31,0.042363,104.244.42.0-255,66,281,40,281
32,0.0,157.240.7.0-255,66,66,40,132
33,0.013438,104.244.42.0-255,66,132,40,132
34,0.0,157.240.7.0-255,66,66,40,132
35,0.011021,104.244.42.0-255,66,132,40,132
36,0.0,157.240.7.0-255,66,66,40,132
37,0.010425,104.244.42.0-255,66,132,40,132
38,0.0,157.240.7.0-255,66,66,40,132
39,0.011206,104.244.42.0-255,66,132,40,132
40,0.0,104.244.42.0-255,66,66,40,264
41,0.015302,31.13.82.0-255,66,132,40,264
42,0.020247,31.13.82.0-255,66,198,40,264
43,0.057786,31.13.82.0-255,66,264,40,264
44,0.0,157.240.7.0-255,66,66,40,132
45,0.010671,104.244.42.0-255,66,132,40,132
46,0.0,157.240.7.0-255,66,66,40,132
47,0.013361,104.244.42.0-255,66,132,40,132
48,0.0,104.244.42.0-255,66,66,40,66
49,0.0,157.240.13.0-255,66,66,40,132
50,0.014277,104.244.42.0-255,66,132,40,132
51,0.0,157.240.7.0-255,66,66,40,413
52,0.004317,172.31.33.0-255,149,215,40,413
53,0.026427,31.13.82.0-255,66,281,40,413
54,0.026503,31.13.82.0-255,66,347,40,413
55,0.045948,104.244.42.0-255,66,413,40,413
56,0.0,157.240.7.0-255,66,66,40,132
57,0.009513,104.244.42.0-255,66,132,40,132
58,0.0,172.31.33.0-255,149,149,40,281
59,0.02508,157.240.7.0-255,66,215,40,281
60,0.041696,104.244.42.0-255,66,281,40,281
61,0.0,157.240.7.0-255,66,66,40,132
62,0.010542,104.244.42.0-255,66,132,40,132
63,0.0,157.240.7.0-255,66,66,40,132
64,0.008774,104.244.42.0-255,66,132,40,132
65,0.0,157.240.7.0-255,66,66,40,132
66,0.008928,104.244.42.0-255,66,132,40,132
67,0.0,157.240.7.0-255,66,66,40,132
68,0.012254,104.244.42.0-255,66,132,40,132
69,0.0,157.240.7.0-255,66,66,40,132
70,0.014443,104.244.42.0-255,66,132,40,132
71,0.0,157.240.7.0-255,66,66,40,132
72,0.010023,104.244.42.0-255,66,132,40,132
73,0.0,104.244.42.0-255,66,66,40,264
74,0.014466,31.13.82.0-255,66,132,40,264
75,0.019314,31.13.82.0-255,66,198,40,264
76,0.059661,31.13.82.0-255,66,264,40,264
77,0.0,157.240.7.0-255,66,66,40,132
78,0.014794,104.244.42.0-255,66,132,40,132
79,0.0,157.240.7.0-255,66,66,40,132
80,0.011415,104.244.42.0-255,66,132,40,132
81,0.0,104.244.42.0-255,66,66,40,198
82,0.00775,31.13.82.0-255,66,132,40,198
83,0.012048,31.13.82.0-255,66,198,40,198
84,0.0,157.240.7.0-255,66,66,40,132
85,0.01248,104.244.42.0-255,66,132,40,132
86,0.0,157.240.7.0-255,66,66,40,132
87,0.013714,104.244.42.0-255,66,132,40,132
88,0.0,104.244.42.0-255,66,66,40,198
89,0.015319,31.13.82.0-255,66,132,40,198
90,0.019944,31.13.82.0-255,66,198,40,198
91,0.0,157.240.7.0-255,66,66,40,132
92,0.012478,104.244.42.0-255,66,132,40,132
93,0.0,157.240.7.0-255,66,66,40,132
94,0.008439,104.244.42.0-255,66,132,40,132
95,0.0,157.240.13.0-255,66,66,40,132
96,0.012689,104.244.42.0-255,66,132,40,132
97,0.0,157.240.7.0-255,66,66,40,132
98,0.009532,104.244.42.0-255,66,132,40,132
99,0.0,104.244.42.0-255,66,66,40,264
100,0.012332,31.13.82.0-255,66,132,40,264
101,0.01732,31.13.82.0-255,66,198,40,264
102,0.052487,31.13.82.0-255,66,264,40,264
103,0.0,104.244.42.0-255,66,66,40,198
104,0.017101,31.13.82.0-255,66,132,40,198
105,0.021473,31.13.82.0-255,66,198,40,198
106,0.0,104.244.42.0-255,66,66,40,132
107,0.058033,31.13.82.0-255,66,132,40,132
108,0.0,157.240.7.0-255,66,66,40,132
109,0.014647,104.244.42.0-255,66,132,40,132
110,0.0,157.240.7.0-255,66,66,40,132
111,0.008965,104.244.42.0-255,66,132,40,132
112,0.0,104.244.42.0-255,66,66,40,132
113,0.052322,31.13.82.0-255,66,132,40,132
114,0.0,157.240.7.0-255,66,66,40,132
115,0.00995,104.244.42.0-255,66,132,40,132
116,0.0,172.31.33.0-255,149,149,40,281
117,0.024551,157.240.7.0-255,66,215,40,281
118,0.04181,104.244.42.0-255,66,281,40,281
119,0.0,104.244.42.0-255,66,66,40,132
120,0.055595,31.13.82.0-255,66,132,40,132
121,0.0,172.31.33.0-255,105,105,40,2439
122,5.3e-05,172.31.33.0-255,105,210,40,2439
123,0.000155,172.31.33.0-255,105,315,40,2439
124,0.000187,172.31.33.0-255,112,427,40,2439
125,0.000367,172.31.33.0-255,90,517,40,2439
126,0.000376,172.31.33.0-255,66,583,40,2439
127,0.000693,172.31.33.0-255,97,680,40,2439
128,0.000702,172.31.33.0-255,66,746,40,2439
129,0.000845,172.31.33.0-255,90,836,40,2439
130,0.000852,172.31.33.0-255,66,902,40,2439
131,0.001042,172.31.33.0-255,90,992,40,2439
132,0.001049,172.31.33.0-255,66,1058,40,2439
133,0.001345,192.229.237.0-255,90,1148,40,2439
134,0.00137,172.31.33.0-255,54,1202,40,2439
135,0.001376,192.229.237.0-255,66,1268,40,2439
136,0.00138,172.31.33.0-255,54,1322,40,2439
137,0.002239,104.244.42.0-255,66,1388,40,2439
138,0.002286,104.244.42.0-255,97,1485,40,2439
139,0.002294,172.31.33.0-255,54,1539,40,2439
140,0.002319,192.229.237.0-255,66,1605,40,2439
141,0.002322,172.31.33.0-255,54,1659,40,2439
142,0.002353,104.244.42.0-255,66,1725,40,2439
143,0.002356,172.31.33.0-255,54,1779,40,2439
144,0.002673,74.125.24.0-255,66,1845,40,2439
145,0.002684,74.125.24.0-255,66,1911,40,2439
146,0.002691,172.31.33.0-255,66,1977,40,2439
147,0.002792,74.125.24.0-255,66,2043,40,2439
148,0.002815,74.125.24.0-255,66,2109,40,2439
149,0.00282,172.31.33.0-255,66,2175,40,2439
150,0.021724,157.240.7.0-255,66,2241,40,2439
151,0.033462,104.244.42.0-255,66,2307,40,2439
152,0.041673,31.13.82.0-255,66,2373,40,2439
153,0.046184,31.13.82.0-255,66,2439,40,2439
154,0.0,157.240.7.0-255,66,66,40,132
155,0.009179,104.244.42.0-255,66,132,40,132
156,0.0,104.244.42.0-255,66,66,40,132
157,0.058263,31.13.82.0-255,66,132,40,132
158,0.0,157.240.7.0-255,66,66,40,132
159,0.008264,104.244.42.0-255,66,132,40,132
160,0.0,157.240.7.0-255,66,66,40,132
161,0.011411,104.244.42.0-255,66,132,40,132
162,0.0,157.240.7.0-255,66,66,40,132
163,0.010144,104.244.42.0-255,66,132,40,132
164,0.0,172.31.33.0-255,149,149,40,281
165,0.015189,157.240.7.0-255,66,215,40,281
166,0.04248,104.244.42.0-255,66,281,40,281
167,0.0,157.240.7.0-255,66,66,40,264
168,0.008534,104.244.42.0-255,66,132,40,264
169,0.023447,31.13.82.0-255,66,198,40,264
170,0.026804,31.13.82.0-255,66,264,40,264
171,0.0,157.240.7.0-255,66,66,40,132
172,0.011091,104.244.42.0-255,66,132,40,132
173,0.0,157.240.7.0-255,66,66,40,132
174,0.010388,104.244.42.0-255,66,132,40,132
175,0.0,157.240.7.0-255,66,66,40,132
176,0.013732,104.244.42.0-255,66,132,40,132
177,0.0,157.240.7.0-255,66,66,40,264
178,0.010007,104.244.42.0-255,66,132,40,264
179,0.020085,31.13.82.0-255,66,198,40,264
180,0.023532,31.13.82.0-255,66,264,40,264
181,0.0,157.240.7.0-255,66,66,40,132
182,0.020682,104.244.42.0-255,66,132,40,132
183,0.0,104.244.42.0-255,66,66,40,132
184,0.05755,31.13.82.0-255,66,132,40,132
185,0.0,157.240.7.0-255,66,66,40,132
186,0.009558,104.244.42.0-255,66,132,40,132
187,0.0,104.244.42.0-255,66,66,40,132
188,0.05512,31.13.82.0-255,66,132,40,132
189,0.0,104.244.42.0-255,66,66,40,264
190,0.012147,31.13.82.0-255,66,132,40,264
191,0.016155,31.13.82.0-255,66,198,40,264
192,0.055127,31.13.82.0-255,66,264,40,264
193,0.0,157.240.7.0-255,66,66,40,132
194,0.009067,104.244.42.0-255,66,132,40,132
195,0.0,157.240.7.0-255,66,66,40,132
196,0.009587,104.244.42.0-255,66,132,40,132
197,0.0,157.240.7.0-255,66,66,40,132
198,0.007675,104.244.42.0-255,66,132,40,132
199,0.0,157.240.7.0-255,66,66,40,132
200,0.008914,104.244.42.0-255,66,132,40,132
201,0.0,172.31.33.0-255,105,105,40,408
202,0.00161,157.240.7.0-255,105,210,40,408
203,0.007375,157.240.7.0-255,66,276,40,408
204,0.017236,104.244.42.0-255,66,342,40,408
205,0.040712,172.31.33.0-255,66,408,40,408
206,0.0,157.240.7.0-255,66,66,40,132
207,0.014561,104.244.42.0-255,66,132,40,132
208,0.0,157.240.7.0-255,66,66,40,132
209,0.009725,104.244.42.0-255,66,132,40,132
210,0.0,157.240.7.0-255,66,66,40,132
211,0.009015,104.244.42.0-255,66,132,40,132
212,0.0,157.240.7.0-255,66,66,40,3051
213,0.00091,172.31.33.0-255,105,171,40,3051
214,0.000971,172.31.33.0-255,105,276,40,3051
215,0.001034,172.31.33.0-255,105,381,40,3051
216,0.001057,172.31.33.0-255,112,493,40,3051
217,0.001082,172.31.33.0-255,112,605,40,3051
218,0.001299,172.31.33.0-255,97,702,40,3051
219,0.001309,172.31.33.0-255,66,768,40,3051
220,0.001484,172.31.33.0-255,97,865,40,3051
221,0.00149,172.31.33.0-255,66,931,40,3051
222,0.001726,172.31.33.0-255,90,1021,40,3051
223,0.001733,172.31.33.0-255,66,1087,40,3051
224,0.001879,172.31.33.0-255,90,1177,40,3051
225,0.001886,172.31.33.0-255,66,1243,40,3051
226,0.002044,172.31.33.0-255,90,1333,40,3051
227,0.00205,172.31.33.0-255,66,1399,40,3051
228,0.002255,192.229.237.0-255,90,1489,40,3051
229,0.002271,172.31.33.0-255,54,1543,40,3051
230,0.002276,192.229.237.0-255,66,1609,40,3051
231,0.00228,172.31.33.0-255,54,1663,40,3051
232,0.003004,104.244.42.0-255,66,1729,40,3051
233,0.003063,104.244.42.0-255,97,1826,40,3051
234,0.00307,172.31.33.0-255,54,1880,40,3051
235,0.003163,104.244.42.0-255,66,1946,40,3051
236,0.003168,172.31.33.0-255,54,2000,40,3051
237,0.003314,192.229.237.0-255,66,2066,40,3051
238,0.003318,172.31.33.0-255,54,2120,40,3051
239,0.00413,172.217.194.0-255,66,2186,40,3051
240,0.00414,172.217.194.0-255,66,2252,40,3051
241,0.004146,172.31.33.0-255,66,2318,40,3051
242,0.004265,74.125.24.0-255,66,2384,40,3051
243,0.004291,74.125.24.0-255,66,2450,40,3051
244,0.004295,172.31.33.0-255,66,2516,40,3051
245,0.004588,104.244.42.0-255,66,2582,40,3051
246,0.00464,104.244.42.0-255,97,2679,40,3051
247,0.004646,172.31.33.0-255,54,2733,40,3051
248,0.004741,104.244.42.0-255,66,2799,40,3051
249,0.004747,172.31.33.0-255,54,2853,40,3051
250,0.011343,104.244.42.0-255,66,2919,40,3051
251,0.022914,31.13.82.0-255,66,2985,40,3051
252,0.026069,31.13.82.0-255,66,3051,40,3051
253,0.0,157.240.7.0-255,66,66,40,132
254,0.013456,104.244.42.0-255,66,132,40,132
255,0.0,104.244.42.0-255,66,66,40,132
256,0.056817,31.13.82.0-255,66,132,40,132
257,0.0,157.240.7.0-255,66,66,40,132
258,0.009365,104.244.42.0-255,66,132,40,132
259,0.0,157.240.13.0-255,66,66,40,264
260,0.013057,104.244.42.0-255,66,132,40,264
261,0.022385,31.13.82.0-255,66,198,40,264
262,0.031066,31.13.82.0-255,66,264,40,264
263,0.0,157.240.7.0-255,66,66,40,132
264,0.012216,104.244.42.0-255,66,132,40,132
265,0.0,104.244.42.0-255,66,66,40,198
266,0.00907,31.13.82.0-255,66,132,40,198
267,0.012916,31.13.82.0-255,66,198,40,198
268,0.0,157.240.7.0-255,66,66,40,132
269,0.008411,104.244.42.0-255,66,132,40,132
270,0.0,157.240.7.0-255,66,66,40,132
271,0.007802,104.244.42.0-255,66,132,40,132
272,0.0,104.244.42.0-255,66,66,40,264
273,0.011005,31.13.82.0-255,66,132,40,264
274,0.014971,31.13.82.0-255,66,198,40,264
275,0.05512,31.13.82.0-255,66,264,40,264
276,0.0,157.240.7.0-255,66,66,40,132
277,0.009335,104.244.42.0-255,66,132,40,132
278,0.0,157.240.7.0-255,66,66,40,132
279,0.010369,104.244.42.0-255,66,132,40,132
280,0.0,157.240.13.0-255,66,66,40,132
281,0.015814,104.244.42.0-255,66,132,40,132
282,0.0,157.240.7.0-255,66,66,40,132
283,0.013332,104.244.42.0-255,66,132,40,132
284,0.0,157.240.7.0-255,66,66,40,132
285,0.008936,104.244.42.0-255,66,132,40,132
286,0.0,157.240.7.0-255,66,66,40,132
287,0.00885,104.244.42.0-255,66,132,40,132
288,0.0,172.31.33.0-255,149,149,40,281
289,0.020599,157.240.7.0-255,66,215,40,281
290,0.042205,104.244.42.0-255,66,281,40,281
291,0.0,157.240.7.0-255,66,66,40,132
292,0.012337,104.244.42.0-255,66,132,40,132
293,0.0,104.244.42.0-255,66,66,40,132
294,0.053463,31.13.82.0-255,66,132,40,132
295,0.0,157.240.7.0-255,66,66,40,132
296,0.009895,104.244.42.0-255,66,132,40,132
297,0.0,157.240.7.0-255,66,66,40,132
298,0.010105,104.244.42.0-255,66,132,40,132
299,0.0,104.244.42.0-255,66,66,40,264
300,0.010227,31.13.82.0-255,66,132,40,264
301,0.014286,31.13.82.0-255,66,198,40,264
302,0.056632,31.13.82.0-255,66,264,40,264
303,0.0,104.244.42.0-255,66,66,40,264
304,0.014388,31.13.82.0-255,66,132,40,264
305,0.019741,31.13.82.0-255,66,198,40,264
306,0.059148,31.13.82.0-255,66,264,40,264
307,0.0,104.244.42.0-255,66,66,40,66
308,0.0,157.240.13.0-255,66,66,40,264
309,0.018363,104.244.42.0-255,66,132,40,264
310,0.026718,31.13.82.0-255,66,198,40,264
311,0.032019,31.13.82.0-255,66,264,40,264
312,0.0,157.240.7.0-255,66,66,40,132
313,0.015125,104.244.42.0-255,66,132,40,132
314,0.0,157.240.7.0-255,66,66,40,132
315,0.010518,104.244.42.0-255,66,132,40,132
316,0.0,104.244.42.0-255,66,66,40,264
317,0.010891,31.13.82.0-255,66,132,40,264
318,0.019314,31.13.82.0-255,66,198,40,264
319,0.058972,31.13.82.0-255,66,264,40,264
320,0.0,157.240.7.0-255,66,66,40,264
321,0.01223,104.244.42.0-255,66,132,40,264
322,0.019303,31.13.82.0-255,66,198,40,264
323,0.025711,31.13.82.0-255,66,264,40,264
324,0.0,157.240.7.0-255,66,66,40,264
325,0.011976,104.244.42.0-255,66,132,40,264
326,0.022674,31.13.82.0-255,66,198,40,264
327,0.026843,31.13.82.0-255,66,264,40,264
328,0.0,157.240.13.0-255,66,66,40,132
329,0.010397,104.244.42.0-255,66,132,40,132
330,0.0,157.240.7.0-255,66,66,40,132
331,0.009351,104.244.42.0-255,66,132,40,132
332,0.0,157.240.7.0-255,66,66,40,132
333,0.009407,104.244.42.0-255,66,132,40,132
334,0.0,157.240.7.0-255,66,66,40,132
335,0.008629,104.244.42.0-255,66,132,40,132
336,0.0,157.240.7.0-255,66,66,40,132
337,0.014073,104.244.42.0-255,66,132,40,132
338,0.0,157.240.7.0-255,66,66,40,132
339,0.009286,104.244.42.0-255,66,132,40,132
340,0.0,157.240.7.0-255,66,66,40,132
341,0.010516,104.244.42.0-255,66,132,40,132
342,0.0,157.240.7.0-255,66,66,40,132
343,0.010646,104.244.42.0-255,66,132,40,132
344,0.0,157.240.7.0-255,66,66,40,132
345,0.010983,104.244.42.0-255,66,132,40,132
346,0.0,104.244.42.0-255,66,66,40,198
347,0.016591,31.13.82.0-255,66,132,40,198
348,0.020224,31.13.82.0-255,66,198,40,198
349,0.0,157.240.7.0-255,66,66,40,132
350,0.011557,104.244.42.0-255,66,132,40,132
351,0.0,157.240.7.0-255,66,66,40,132
352,0.012401,104.244.42.0-255,66,132,40,132
353,0.0,157.240.7.0-255,66,66,40,424
354,0.00825,31.13.82.0-255,94,160,40,424
355,0.008262,172.31.33.0-255,66,226,40,424
356,0.009794,104.244.42.0-255,66,292,40,424
357,0.023141,31.13.82.0-255,66,358,40,424
358,0.0275,31.13.82.0-255,66,424,40,424
359,0.0,157.240.7.0-255,66,66,40,132
360,0.012231,104.244.42.0-255,66,132,40,132
361,0.0,104.244.42.0-255,66,66,40,66
362,0.0,104.244.42.0-255,66,66,40,66
363,0.0,104.244.42.0-255,66,66,40,264
364,0.013317,31.13.82.0-255,66,132,40,264
365,0.017126,31.13.82.0-255,66,198,40,264
366,0.05792,31.13.82.0-255,66,264,40,264
367,0.0,157.240.7.0-255,66,66,40,132
368,0.015164,104.244.42.0-255,66,132,40,132
