,TIME,SRC,PACKET_SIZE,CUMULATIVE_PACKET_SIZE,PAGE_NUMBER,TOTAL_PACKET_SIZE
0,0.0,157.240.7.0-255,66,66,30,132
1,0.002486,104.244.42.0-255,66,132,30,132
2,0.0,157.240.7.0-255,66,66,30,132
3,0.004924,104.244.42.0-255,66,132,30,132
4,0.0,157.240.7.0-255,66,66,30,132
5,0.013044,104.244.42.0-255,66,132,30,132
6,0.0,104.244.42.0-255,66,66,30,264
7,0.01449,31.13.82.0-255,66,132,30,264
8,0.02307,31.13.82.0-255,66,198,30,264
9,0.065414,31.13.82.0-255,66,264,30,264
10,0.0,157.240.7.0-255,66,66,30,132
11,0.004969,104.244.42.0-255,66,132,30,132
12,0.0,157.240.7.0-255,66,66,30,132
13,0.003346,104.244.42.0-255,66,132,30,132
14,0.0,104.244.42.0-255,66,66,30,264
15,0.009448,31.13.82.0-255,66,132,30,264
16,0.014267,31.13.82.0-255,66,198,30,264
17,0.05578,31.13.82.0-255,66,264,30,264
18,0.0,157.240.7.0-255,66,66,30,132
19,0.005794,104.244.42.0-255,66,132,30,132
20,0.0,157.240.7.0-255,66,66,30,132
21,0.010942,104.244.42.0-255,66,132,30,132
22,0.0,104.244.42.0-255,66,66,30,264
23,0.021051,31.13.82.0-255,66,132,30,264
24,0.02537,31.13.82.0-255,66,198,30,264
25,0.064781,31.13.82.0-255,66,264,30,264
26,0.0,104.244.42.0-255,66,66,30,264
27,0.025049,31.13.82.0-255,66,132,30,264
28,0.029455,31.13.82.0-255,66,198,30,264
29,0.068926,31.13.82.0-255,66,264,30,264
30,0.0,104.244.42.0-255,66,66,30,980
31,0.020632,31.13.82.0-255,716,782,30,980
32,0.020698,172.31.33.0-255,66,848,30,980
33,0.065585,31.13.82.0-255,66,914,30,980
34,0.0725,31.13.82.0-255,66,980,30,980
35,0.0,157.240.7.0-255,66,66,30,132
36,0.009335,104.244.42.0-255,66,132,30,132
37,0.0,157.240.7.0-255,66,66,30,132
38,0.00895,104.244.42.0-255,66,132,30,132
39,0.0,104.244.42.0-255,66,66,30,66
40,0.0,157.240.7.0-255,66,66,30,132
41,0.00437,104.244.42.0-255,66,132,30,132
42,0.0,157.240.13.0-255,66,66,30,132
43,0.018778,104.244.42.0-255,66,132,30,132
44,0.0,157.240.7.0-255,66,66,30,132
45,0.00325,104.244.42.0-255,66,132,30,132
46,0.0,157.240.7.0-255,66,66,30,132
47,0.005606,104.244.42.0-255,66,132,30,132
48,0.0,104.244.42.0-255,66,66,30,264
49,0.015798,31.13.82.0-255,66,132,30,264
50,0.02054,31.13.82.0-255,66,198,30,264
51,0.072662,31.13.82.0-255,66,264,30,264
52,0.0,104.244.42.0-255,66,66,30,264
53,0.024424,31.13.82.0-255,66,132,30,264
54,0.028468,31.13.82.0-255,66,198,30,264
55,0.069674,31.13.82.0-255,66,264,30,264
56,0.0,157.240.7.0-255,66,66,30,132
57,0.004715,104.244.42.0-255,66,132,30,132
58,0.0,157.240.7.0-255,66,66,30,132
59,0.004241,104.244.42.0-255,66,132,30,132
60,0.0,157.240.7.0-255,66,66,30,132
61,0.006492,104.244.42.0-255,66,132,30,132
62,0.0,157.240.7.0-255,66,66,30,132
63,0.006725,104.244.42.0-255,66,132,30,132
64,0.0,157.240.7.0-255,66,66,30,132
65,0.008772,104.244.42.0-255,66,132,30,132
66,0.0,172.31.33.0-255,243,243,30,375
67,0.021723,157.240.7.0-255,66,309,30,375
68,0.041937,104.244.42.0-255,66,375,30,375
69,0.0,157.240.7.0-255,66,66,30,1203
70,0.007642,104.244.42.0-255,66,132,30,1203
71,0.015263,172.31.33.0-255,105,237,30,1203
72,0.015306,172.31.33.0-255,112,349,30,1203
73,0.015506,172.31.33.0-255,97,446,30,1203
74,0.015516,172.31.33.0-255,66,512,30,1203
75,0.015702,172.31.33.0-255,90,602,30,1203
76,0.01571,172.31.33.0-255,66,668,30,1203
77,0.017069,104.244.42.0-255,66,734,30,1203
78,0.017084,104.244.42.0-255,97,831,30,1203
79,0.017096,172.31.33.0-255,54,885,30,1203
80,0.01717,104.244.42.0-255,66,951,30,1203
81,0.017174,172.31.33.0-255,54,1005,30,1203
82,0.018281,74.125.24.0-255,66,1071,30,1203
83,0.01829,74.125.24.0-255,66,1137,30,1203
84,0.018297,172.31.33.0-255,66,1203,30,1203
85,0.0,157.240.7.0-255,66,66,30,132
86,0.013022,104.244.42.0-255,66,132,30,132
87,0.0,157.240.7.0-255,66,66,30,132
88,0.004823,104.244.42.0-255,66,132,30,132
89,0.0,104.244.42.0-255,66,66,30,1401
90,0.019122,31.13.82.0-255,66,132,30,1401
91,0.023391,172.31.33.0-255,105,237,30,1401
92,0.023521,172.31.33.0-255,112,349,30,1401
93,0.023675,172.31.33.0-255,90,439,30,1401
94,0.023686,172.31.33.0-255,66,505,30,1401
95,0.023963,31.13.82.0-255,66,571,30,1401
96,0.024029,172.31.33.0-255,97,668,30,1401
97,0.024037,172.31.33.0-255,66,734,30,1401
98,0.025574,104.244.42.0-255,66,800,30,1401
99,0.025618,74.125.24.0-255,66,866,30,1401
100,0.02564,74.125.24.0-255,66,932,30,1401
101,0.025653,172.31.33.0-255,66,998,30,1401
102,0.025657,74.125.24.0-255,66,1064,30,1401
103,0.025663,104.244.42.0-255,97,1161,30,1401
104,0.025682,172.31.33.0-255,54,1215,30,1401
105,0.025712,104.244.42.0-255,66,1281,30,1401
106,0.025716,172.31.33.0-255,54,1335,30,1401
107,0.068241,31.13.82.0-255,66,1401,30,1401
108,0.0,157.240.7.0-255,66,66,30,132
109,0.004626,104.244.42.0-255,66,132,30,132
110,0.0,157.240.7.0-255,66,66,30,132
111,0.012089,104.244.42.0-255,66,132,30,132
112,0.0,157.240.13.0-255,66,66,30,264
113,0.005376,104.244.42.0-255,66,132,30,264
114,0.023874,31.13.82.0-255,66,198,30,264
115,0.028975,31.13.82.0-255,66,264,30,264
116,0.0,157.240.7.0-255,66,66,30,198
117,0.012437,104.244.42.0-255,66,132,30,198
118,0.013144,157.240.7.0-255,66,198,30,198
119,0.0,157.240.7.0-255,66,66,30,132
120,0.008934,104.244.42.0-255,66,132,30,132
121,0.0,104.244.42.0-255,66,66,30,264
122,0.018628,31.13.82.0-255,66,132,30,264
123,0.023341,31.13.82.0-255,66,198,30,264
124,0.067177,31.13.82.0-255,66,264,30,264
125,0.0,157.240.7.0-255,66,66,30,132
126,0.004869,104.244.42.0-255,66,132,30,132
127,0.0,157.240.7.0-255,66,66,30,132
128,0.004252,104.244.42.0-255,66,132,30,132
129,0.0,104.244.42.0-255,66,66,30,264
130,0.023759,31.13.82.0-255,66,132,30,264
131,0.028591,31.13.82.0-255,66,198,30,264
132,0.068367,31.13.82.0-255,66,264,30,264
133,0.0,157.240.7.0-255,66,66,30,264
134,0.006799,104.244.42.0-255,66,132,30,264
135,0.033482,31.13.82.0-255,66,198,30,264
136,0.038148,31.13.82.0-255,66,264,30,264
137,0.0,157.240.13.0-255,66,66,30,132
138,0.005066,104.244.42.0-255,66,132,30,132
139,0.0,157.240.13.0-255,66,66,30,264
140,0.008946,104.244.42.0-255,66,132,30,264
141,0.028649,31.13.82.0-255,66,198,30,264
142,0.033417,31.13.82.0-255,66,264,30,264
143,0.0,157.240.7.0-255,66,66,30,132
144,0.011104,104.244.42.0-255,66,132,30,132
145,0.0,157.240.7.0-255,66,66,30,132
146,0.012647,104.244.42.0-255,66,132,30,132
147,0.0,172.31.33.0-255,149,149,30,281
148,0.011912,157.240.7.0-255,66,215,30,281
149,0.041997,104.244.42.0-255,66,281,30,281
150,0.0,157.240.7.0-255,66,66,30,132
151,0.009451,104.244.42.0-255,66,132,30,132
152,0.0,157.240.7.0-255,66,66,30,132
153,0.004993,104.244.42.0-255,66,132,30,132
154,0.0,157.240.7.0-255,66,66,30,132
155,0.004448,104.244.42.0-255,66,132,30,132
156,0.0,157.240.7.0-255,66,66,30,347
157,0.020602,172.31.33.0-255,149,215,30,347
158,0.036806,157.240.7.0-255,66,281,30,347
159,0.062869,104.244.42.0-255,66,347,30,347
160,0.0,157.240.7.0-255,66,66,30,132
161,0.00396,104.244.42.0-255,66,132,30,132
162,0.0,157.240.7.0-255,66,66,30,132
163,0.004862,104.244.42.0-255,66,132,30,132
164,0.0,157.240.7.0-255,66,66,30,3078
165,0.010492,104.244.42.0-255,66,132,30,3078
166,0.081393,172.31.33.0-255,159,291,30,3078
167,0.081423,172.31.33.0-255,1352,1643,30,3078
168,0.081493,172.31.33.0-255,1268,2911,30,3078
169,0.083116,157.240.7.0-255,101,3012,30,3078
170,0.083141,172.31.33.0-255,66,3078,30,3078
171,0.0,157.240.7.0-255,66,66,30,132
172,0.005343,104.244.42.0-255,66,132,30,132
173,0.0,157.240.7.0-255,66,66,30,237
174,0.007698,104.244.42.0-255,66,132,30,237
175,0.032371,172.31.33.0-255,105,237,30,237
176,0.0,157.240.7.0-255,66,66,30,132
177,0.00901,104.244.42.0-255,66,132,30,132
178,0.0,104.244.42.0-255,66,66,30,132
179,0.064333,31.13.82.0-255,66,132,30,132
180,0.0,157.240.7.0-255,66,66,30,132
181,0.010095,104.244.42.0-255,66,132,30,132
182,0.0,157.240.7.0-255,66,66,30,132
183,0.004604,104.244.42.0-255,66,132,30,132
184,0.0,157.240.7.0-255,66,66,30,132
185,0.010067,104.244.42.0-255,66,132,30,132
186,0.0,157.240.7.0-255,66,66,30,264
187,0.003525,104.244.42.0-255,66,132,30,264
188,0.023545,31.13.82.0-255,66,198,30,264
189,0.026853,31.13.82.0-255,66,264,30,264
190,0.0,157.240.7.0-255,66,66,30,132
191,0.005538,104.244.42.0-255,66,132,30,132
192,0.0,157.240.7.0-255,66,66,30,132
193,0.003214,104.244.42.0-255,66,132,30,132
194,0.0,157.240.7.0-255,66,66,30,132
195,0.004987,104.244.42.0-255,66,132,30,132
196,0.0,104.244.42.0-255,66,66,30,132
197,0.055628,31.13.82.0-255,66,132,30,132
198,0.0,157.240.7.0-255,66,66,30,132
199,0.003799,104.244.42.0-255,66,132,30,132
200,0.0,157.240.7.0-255,66,66,30,132
201,0.004687,104.244.42.0-255,66,132,30,132
202,0.0,157.240.7.0-255,66,66,30,132
203,0.009382,104.244.42.0-255,66,132,30,132
204,0.0,157.240.7.0-255,66,66,30,132
205,0.021472,104.244.42.0-255,66,132,30,132
206,0.0,157.240.7.0-255,66,66,30,132
207,0.009428,104.244.42.0-255,66,132,30,132
208,0.0,157.240.7.0-255,66,66,30,3078
209,0.009001,104.244.42.0-255,66,132,30,3078
210,0.015403,172.31.33.0-255,159,291,30,3078
211,0.015439,172.31.33.0-255,1352,1643,30,3078
212,0.015522,172.31.33.0-255,1268,2911,30,3078
213,0.017141,157.240.7.0-255,101,3012,30,3078
214,0.017157,172.31.33.0-255,66,3078,30,3078
215,0.0,157.240.7.0-255,66,66,30,132
216,0.011566,104.244.42.0-255,66,132,30,132
217,0.0,157.240.7.0-255,66,66,30,132
218,0.021158,104.244.42.0-255,66,132,30,132
219,0.0,157.240.7.0-255,66,66,30,330
220,0.01102,104.244.42.0-255,66,132,30,330
221,0.021282,31.13.82.0-255,66,198,30,330
222,0.02566,31.13.82.0-255,66,264,30,330
223,0.065879,31.13.82.0-255,66,330,30,330
224,0.0,157.240.7.0-255,66,66,30,132
225,0.004432,104.244.42.0-255,66,132,30,132
226,0.0,157.240.7.0-255,66,66,30,132
227,0.003608,104.244.42.0-255,66,132,30,132
228,0.0,157.240.7.0-255,66,66,30,898
229,0.006186,104.244.42.0-255,66,132,30,898
230,0.085647,172.31.33.0-255,599,731,30,898
231,0.087804,157.240.7.0-255,101,832,30,898
232,0.087824,172.31.33.0-255,66,898,30,898
233,0.0,157.240.7.0-255,66,66,30,132
234,0.003059,104.244.42.0-255,66,132,30,132
235,0.0,157.240.7.0-255,66,66,30,132
236,0.004528,104.244.42.0-255,66,132,30,132
237,0.0,157.240.13.0-255,66,66,30,132
238,0.007177,104.244.42.0-255,66,132,30,132
239,0.0,157.240.7.0-255,66,66,30,132
240,0.004235,104.244.42.0-255,66,132,30,132
241,0.0,157.240.13.0-255,66,66,30,132
242,0.012688,104.244.42.0-255,66,132,30,132
243,0.0,157.240.7.0-255,66,66,30,132
244,0.009816,104.244.42.0-255,66,132,30,132
245,0.0,157.240.7.0-255,66,66,30,132
246,0.011233,104.244.42.0-255,66,132,30,132
247,0.0,157.240.7.0-255,66,66,30,330
248,0.011012,104.244.42.0-255,66,132,30,330
249,0.022416,31.13.82.0-255,66,198,30,330
250,0.025682,31.13.82.0-255,66,264,30,330
251,0.030794,52.89.48.0-255,66,330,30,330
252,0.0,157.240.7.0-255,66,66,30,132
253,0.00484,104.244.42.0-255,66,132,30,132
254,0.0,157.240.7.0-255,66,66,30,132
255,0.007626,104.244.42.0-255,66,132,30,132
256,0.0,172.31.33.0-255,149,149,30,413
257,0.016589,31.13.82.0-255,66,215,30,413
258,0.021036,31.13.82.0-255,66,281,30,413
259,0.04277,104.244.42.0-255,66,347,30,413
260,0.06266,31.13.82.0-255,66,413,30,413
261,0.0,157.240.7.0-255,66,66,30,132
262,0.006668,104.244.42.0-255,66,132,30,132
263,0.0,157.240.7.0-255,66,66,30,132
264,0.009282,104.244.42.0-255,66,132,30,132
265,0.0,104.244.42.0-255,66,66,30,132
266,0.060119,31.13.82.0-255,66,132,30,132
267,0.0,157.240.7.0-255,66,66,30,132
268,0.004063,104.244.42.0-255,66,132,30,132
269,0.0,157.240.7.0-255,66,66,30,132
270,0.009132,104.244.42.0-255,66,132,30,132
271,0.0,157.240.7.0-255,66,66,30,132
272,0.00585,104.244.42.0-255,66,132,30,132
273,0.0,157.240.7.0-255,66,66,30,132
274,0.003581,104.244.42.0-255,66,132,30,132
275,0.0,104.244.42.0-255,66,66,30,132
276,0.063558,31.13.82.0-255,66,132,30,132
277,0.0,104.244.42.0-255,66,66,30,264
278,0.02144,31.13.82.0-255,66,132,30,264
279,0.026402,31.13.82.0-255,66,198,30,264
280,0.067452,31.13.82.0-255,66,264,30,264
281,0.0,104.244.42.0-255,66,66,30,264
282,0.015627,31.13.82.0-255,66,132,30,264
283,0.023243,31.13.82.0-255,66,198,30,264
284,0.068531,31.13.82.0-255,66,264,30,264
285,0.0,157.240.7.0-255,66,66,30,264
286,0.005298,104.244.42.0-255,66,132,30,264
287,0.035536,31.13.82.0-255,66,198,30,264
288,0.038766,31.13.82.0-255,66,264,30,264
289,0.0,104.244.42.0-255,66,66,30,264
290,0.014015,31.13.82.0-255,66,132,30,264
291,0.018236,31.13.82.0-255,66,198,30,264
292,0.059109,31.13.82.0-255,66,264,30,264
293,0.0,157.240.7.0-255,66,66,30,132
294,0.006296,104.244.42.0-255,66,132,30,132
295,0.0,104.244.42.0-255,66,66,30,264
296,0.016234,31.13.82.0-255,66,132,30,264
297,0.019672,31.13.82.0-255,66,198,30,264
298,0.076028,31.13.82.0-255,66,264,30,264
299,0.0,104.244.42.0-255,66,66,30,264
300,0.021073,31.13.82.0-255,66,132,30,264
301,0.026576,31.13.82.0-255,66,198,30,264
302,0.067382,31.13.82.0-255,66,264,30,264
303,0.0,157.240.7.0-255,66,66,30,132
304,0.004746,104.244.42.0-255,66,132,30,132
305,0.0,157.240.7.0-255,66,66,30,132
306,0.018419,104.244.42.0-255,66,132,30,132
307,0.0,157.240.13.0-255,66,66,30,264
308,0.009126,104.244.42.0-255,66,132,30,264
309,0.030019,31.13.82.0-255,66,198,30,264
310,0.034417,31.13.82.0-255,66,264,30,264
311,0.0,157.240.7.0-255,66,66,30,132
312,0.009708,104.244.42.0-255,66,132,30,132
313,0.0,104.244.42.0-255,66,66,30,132
314,0.056417,31.13.82.0-255,66,132,30,132
315,0.0,157.240.7.0-255,66,66,30,132
316,0.00372,104.244.42.0-255,66,132,30,132
317,0.0,157.240.7.0-255,66,66,30,132
318,0.005172,104.244.42.0-255,66,132,30,132
319,0.0,157.240.7.0-255,66,66,30,132
320,0.011032,104.244.42.0-255,66,132,30,132
321,0.0,157.240.7.0-255,66,66,30,264
322,0.009115,104.244.42.0-255,66,132,30,264
323,0.032041,31.13.82.0-255,66,198,30,264
324,0.037923,31.13.82.0-255,66,264,30,264
325,0.0,157.240.7.0-255,66,66,30,264
326,0.00982,104.244.42.0-255,66,132,30,264
327,0.022945,31.13.82.0-255,66,198,30,264
328,0.026287,31.13.82.0-255,66,264,30,264
329,0.0,157.240.7.0-255,66,66,30,132
330,0.00568,104.244.42.0-255,66,132,30,132
331,0.0,104.244.42.0-255,66,66,30,264
332,0.016537,31.13.82.0-255,66,132,30,264
333,0.026007,31.13.82.0-255,66,198,30,264
334,0.062748,31.13.82.0-255,66,264,30,264
335,0.0,157.240.7.0-255,66,66,30,132
336,0.004232,104.244.42.0-255,66,132,30,132
337,0.0,157.240.7.0-255,66,66,30,132
338,0.005941,104.244.42.0-255,66,132,30,132
339,0.0,104.244.42.0-255,66,66,30,132
340,0.058812,31.13.82.0-255,66,132,30,132
341,0.0,172.31.33.0-255,101,101,30,544
342,7.2e-05,172.31.33.0-255,96,197,30,544
343,0.001773,157.240.7.0-255,66,263,30,544
344,0.00901,172.31.33.0-255,149,412,30,544
345,0.041948,157.240.7.0-255,66,478,30,544
346,0.050867,104.244.42.0-255,66,544,30,544
347,0.0,157.240.7.0-255,66,66,30,132
348,0.020323,104.244.42.0-255,66,132,30,132
349,0.0,157.240.13.0-255,66,66,30,132
350,0.008025,104.244.42.0-255,66,132,30,132
351,0.0,157.240.7.0-255,66,66,30,132
352,0.004717,104.244.42.0-255,66,132,30,132
353,0.0,157.240.7.0-255,66,66,30,132
354,0.022549,104.244.42.0-255,66,132,30,132
