,TIME,SRC,PACKET_SIZE,CUMULATIVE_PACKET_SIZE,PAGE_NUMBER,TOTAL_PACKET_SIZE
0,0.0,157.240.13.0-255,66,66,55,132
1,0.013855,104.244.42.0-255,66,132,55,132
2,0.0,157.240.13.0-255,66,66,55,132
3,0.009343,104.244.42.0-255,66,132,55,132
4,0.0,104.244.42.0-255,66,66,55,66
5,0.0,104.244.42.0-255,66,66,55,66
6,0.0,104.244.42.0-255,66,66,55,198
7,0.012152,31.13.82.0-255,66,132,55,198
8,0.015568,31.13.82.0-255,66,198,55,198
9,0.0,157.240.13.0-255,66,66,55,132
10,0.016232,104.244.42.0-255,66,132,55,132
11,0.0,157.240.13.0-255,66,66,55,132
12,0.011245,104.244.42.0-255,66,132,55,132
13,0.0,104.244.42.0-255,66,66,55,66
14,0.0,104.244.42.0-255,66,66,55,66
15,0.0,104.244.42.0-255,66,66,55,66
16,0.0,104.244.42.0-255,66,66,55,66
17,0.0,104.244.42.0-255,66,66,55,264
18,0.008621,31.13.82.0-255,66,132,55,264
19,0.013388,31.13.82.0-255,66,198,55,264
20,0.055228,31.13.82.0-255,66,264,55,264
21,0.0,157.240.13.0-255,66,66,55,132
22,0.022435,104.244.42.0-255,66,132,55,132
23,0.0,104.244.42.0-255,66,66,55,198
24,0.013828,31.13.82.0-255,66,132,55,198
25,0.016308,31.13.82.0-255,66,198,55,198
26,0.0,104.244.42.0-255,66,66,55,66
27,0.0,157.240.13.0-255,66,66,55,684
28,0.012516,172.31.46.0-255,105,171,55,684
29,0.012569,172.31.46.0-255,105,276,55,684
30,0.014861,142.250.4.0-255,105,381,55,684
31,0.01488,172.31.46.0-255,66,447,55,684
32,0.01509,172.217.194.0-255,105,552,55,684
33,0.015097,172.31.46.0-255,66,618,55,684
34,0.018357,104.244.42.0-255,66,684,55,684
35,0.0,104.244.42.0-255,66,66,55,264
36,0.01112,31.13.82.0-255,66,132,55,264
37,0.014988,31.13.82.0-255,66,198,55,264
38,0.056909,31.13.82.0-255,66,264,55,264
39,0.0,157.240.13.0-255,66,66,55,132
40,0.010833,104.244.42.0-255,66,132,55,132
41,0.0,104.244.42.0-255,66,66,55,66
42,0.0,104.244.42.0-255,66,66,55,198
43,0.006352,31.13.82.0-255,66,132,55,198
44,0.008824,31.13.82.0-255,66,198,55,198
45,0.0,104.244.42.0-255,66,66,55,264
46,0.009031,31.13.82.0-255,66,132,55,264
47,0.013884,31.13.82.0-255,66,198,55,264
48,0.051536,31.13.82.0-255,66,264,55,264
49,0.0,104.244.42.0-255,66,66,55,408
50,0.025409,172.31.46.0-255,105,171,55,408
51,0.027735,74.125.24.0-255,105,276,55,408
52,0.027745,172.31.46.0-255,66,342,55,408
53,0.054807,31.13.82.0-255,66,408,55,408
54,0.0,104.244.42.0-255,66,66,55,66
55,0.0,157.240.13.0-255,66,66,55,132
56,0.011871,104.244.42.0-255,66,132,55,132
57,0.0,104.244.42.0-255,66,66,55,264
58,0.008681,31.13.82.0-255,66,132,55,264
59,0.011229,31.13.82.0-255,66,198,55,264
60,0.050484,31.13.82.0-255,66,264,55,264
61,0.0,157.240.13.0-255,66,66,55,132
62,0.008672,104.244.42.0-255,66,132,55,132
63,0.0,104.244.42.0-255,66,66,55,66
64,0.0,157.240.13.0-255,66,66,55,132
65,0.010983,104.244.42.0-255,66,132,55,132
66,0.0,104.244.42.0-255,66,66,55,132
67,0.056542,31.13.82.0-255,66,132,55,132
68,0.0,157.240.13.0-255,66,66,55,132
69,0.010133,104.244.42.0-255,66,132,55,132
70,0.0,104.244.42.0-255,66,66,55,66
71,0.0,172.31.46.0-255,105,105,55,1524
72,5e-05,172.31.46.0-255,105,210,55,1524
73,0.002348,74.125.24.0-255,105,315,55,1524
74,0.002366,172.31.46.0-255,66,381,55,1524
75,0.002375,74.125.130.0-255,105,486,55,1524
76,0.002383,172.31.46.0-255,66,552,55,1524
77,0.008388,104.244.42.0-255,170,722,55,1524
78,0.008393,172.31.46.0-255,66,788,55,1524
79,0.019005,172.31.46.0-255,155,943,55,1524
80,0.020551,104.244.42.0-255,66,1009,55,1524
81,0.02963,157.240.13.0-255,95,1104,55,1524
82,0.029641,172.31.46.0-255,66,1170,55,1524
83,0.032491,157.240.13.0-255,66,1236,55,1524
84,0.032669,172.31.46.0-255,90,1326,55,1524
85,0.032679,172.31.46.0-255,66,1392,55,1524
86,0.034399,157.240.13.0-255,66,1458,55,1524
87,0.034407,157.240.13.0-255,66,1524,55,1524
88,0.0,157.240.13.0-255,66,66,55,132
89,0.023946,104.244.42.0-255,66,132,55,132
90,0.0,104.244.42.0-255,66,66,55,264
91,0.01064,31.13.82.0-255,66,132,55,264
92,0.014803,31.13.82.0-255,66,198,55,264
93,0.054533,31.13.82.0-255,66,264,55,264
94,0.0,104.244.42.0-255,66,66,55,66
95,0.0,104.244.42.0-255,66,66,55,264
96,0.006208,31.13.82.0-255,66,132,55,264
97,0.006346,31.13.82.0-255,66,198,55,264
98,0.049457,31.13.82.0-255,66,264,55,264
99,0.0,104.244.42.0-255,66,66,55,264
100,0.006193,31.13.82.0-255,66,132,55,264
101,0.010635,31.13.82.0-255,66,198,55,264
102,0.05199,31.13.82.0-255,66,264,55,264
103,0.0,104.244.42.0-255,66,66,55,66
104,0.0,104.244.42.0-255,66,66,55,264
105,0.010165,31.13.82.0-255,66,132,55,264
106,0.014368,31.13.82.0-255,66,198,55,264
107,0.054253,31.13.82.0-255,66,264,55,264
108,0.0,104.244.42.0-255,66,66,55,198
109,0.017143,31.13.82.0-255,66,132,55,198
110,0.020343,31.13.82.0-255,66,198,55,198
111,0.0,104.244.42.0-255,66,66,55,264
112,0.021793,31.13.82.0-255,66,132,55,264
113,0.023842,31.13.82.0-255,66,198,55,264
114,0.051945,31.13.82.0-255,66,264,55,264
115,0.0,104.244.42.0-255,66,66,55,66
116,0.0,104.244.42.0-255,66,66,55,198
117,0.014511,31.13.82.0-255,66,132,55,198
118,0.019379,31.13.82.0-255,66,198,55,198
119,0.0,104.244.42.0-255,66,66,55,66
120,0.0,104.244.42.0-255,66,66,55,66
121,0.0,104.244.42.0-255,66,66,55,66
122,0.0,104.244.42.0-255,66,66,55,66
123,0.0,157.240.13.0-255,66,66,55,132
124,0.011165,104.244.42.0-255,66,132,55,132
125,0.0,104.244.42.0-255,66,66,55,66
126,0.0,157.240.13.0-255,66,66,55,132
127,0.013233,104.244.42.0-255,66,132,55,132
128,0.0,104.244.42.0-255,66,66,55,264
129,0.023997,31.13.82.0-255,66,132,55,264
130,0.029083,31.13.82.0-255,66,198,55,264
131,0.056401,31.13.82.0-255,66,264,55,264
132,0.0,104.244.42.0-255,66,66,55,264
133,0.006337,31.13.82.0-255,66,132,55,264
134,0.01095,31.13.82.0-255,66,198,55,264
135,0.049389,31.13.82.0-255,66,264,55,264
136,0.0,157.240.13.0-255,66,66,55,264
137,0.022291,104.244.42.0-255,66,132,55,264
138,0.022731,31.13.82.0-255,66,198,55,264
139,0.026944,31.13.82.0-255,66,264,55,264
140,0.0,104.244.42.0-255,66,66,55,198
141,0.020864,31.13.82.0-255,66,132,55,198
142,0.024085,31.13.82.0-255,66,198,55,198
143,0.0,104.244.42.0-255,66,66,55,66
144,0.0,104.244.42.0-255,66,66,55,198
145,0.022852,31.13.82.0-255,66,132,55,198
146,0.027862,31.13.82.0-255,66,198,55,198
147,0.0,104.244.42.0-255,66,66,55,66
148,0.0,157.240.13.0-255,66,66,55,132
149,0.012559,104.244.42.0-255,66,132,55,132
150,0.0,157.240.13.0-255,66,66,55,132
151,0.013127,104.244.42.0-255,66,132,55,132
152,0.0,104.244.42.0-255,66,66,55,66
153,0.0,104.244.42.0-255,66,66,55,66
154,0.0,157.240.13.0-255,66,66,55,264
155,0.014651,104.244.42.0-255,66,132,55,264
156,0.022512,31.13.82.0-255,66,198,55,264
157,0.025292,31.13.82.0-255,66,264,55,264
158,0.0,104.244.42.0-255,66,66,55,264
159,0.019757,31.13.82.0-255,66,132,55,264
160,0.023756,31.13.82.0-255,66,198,55,264
161,0.051321,31.13.82.0-255,66,264,55,264
162,0.0,104.244.42.0-255,66,66,55,132
163,0.058808,31.13.82.0-255,66,132,55,132
164,0.0,157.240.13.0-255,66,66,55,132
165,0.011709,104.244.42.0-255,66,132,55,132
166,0.0,104.244.42.0-255,66,66,55,132
167,0.055699,31.13.82.0-255,66,132,55,132
168,0.0,157.240.13.0-255,66,66,55,132
169,0.011688,104.244.42.0-255,66,132,55,132
170,0.0,104.244.42.0-255,66,66,55,66
171,0.0,104.244.42.0-255,66,66,55,198
172,0.007881,31.13.82.0-255,66,132,55,198
173,0.010196,31.13.82.0-255,66,198,55,198
174,0.0,104.244.42.0-255,66,66,55,66
175,0.0,157.240.13.0-255,66,66,55,132
176,0.007919,104.244.42.0-255,66,132,55,132
177,0.0,104.244.42.0-255,66,66,55,66
178,0.0,104.244.42.0-255,66,66,55,66
179,0.0,104.244.42.0-255,66,66,55,66
180,0.0,104.244.42.0-255,66,66,55,264
181,0.01262,31.13.82.0-255,66,132,55,264
182,0.016035,31.13.82.0-255,66,198,55,264
183,0.057981,31.13.82.0-255,66,264,55,264
184,0.0,104.244.42.0-255,66,66,55,66
185,0.0,104.244.42.0-255,66,66,55,66
186,0.0,104.244.42.0-255,66,66,55,66
187,0.0,104.244.42.0-255,66,66,55,66
188,0.0,104.244.42.0-255,66,66,55,66
189,0.0,104.244.42.0-255,66,66,55,66
190,0.0,104.244.42.0-255,66,66,55,264
191,0.010924,31.13.82.0-255,66,132,55,264
192,0.015277,31.13.82.0-255,66,198,55,264
193,0.058029,31.13.82.0-255,66,264,55,264
194,0.0,104.244.42.0-255,66,66,55,264
195,0.009736,31.13.82.0-255,66,132,55,264
196,0.012223,31.13.82.0-255,66,198,55,264
197,0.054189,31.13.82.0-255,66,264,55,264
198,0.0,104.244.42.0-255,66,66,55,66
199,0.0,104.244.42.0-255,66,66,55,66
200,0.0,104.244.42.0-255,66,66,55,66
201,0.0,104.244.42.0-255,66,66,55,66
202,0.0,157.240.13.0-255,66,66,55,132
203,0.019468,104.244.42.0-255,66,132,55,132
204,0.0,157.240.13.0-255,66,66,55,132
205,0.020214,104.244.42.0-255,66,132,55,132
206,0.0,104.244.42.0-255,66,66,55,66
207,0.0,104.244.42.0-255,66,66,55,66
208,0.0,104.244.42.0-255,66,66,55,66
209,0.0,104.244.42.0-255,66,66,55,264
210,0.014968,31.13.82.0-255,66,132,55,264
211,0.016953,31.13.82.0-255,66,198,55,264
212,0.053642,31.13.82.0-255,66,264,55,264
213,0.0,157.240.13.0-255,66,66,55,264
214,0.010105,104.244.42.0-255,66,132,55,264
215,0.035823,31.13.82.0-255,66,198,55,264
216,0.039867,31.13.82.0-255,66,264,55,264
217,0.0,104.244.42.0-255,66,66,55,264
218,0.009253,31.13.82.0-255,66,132,55,264
219,0.016104,31.13.82.0-255,66,198,55,264
220,0.053838,31.13.82.0-255,66,264,55,264
221,0.0,104.244.42.0-255,66,66,55,342
222,0.048123,172.31.46.0-255,105,171,55,342
223,0.050517,172.217.194.0-255,105,276,55,342
224,0.050536,172.31.46.0-255,66,342,55,342
225,0.0,104.244.42.0-255,66,66,55,264
226,0.007691,31.13.82.0-255,66,132,55,264
227,0.012904,31.13.82.0-255,66,198,55,264
228,0.05324,31.13.82.0-255,66,264,55,264
229,0.0,104.244.42.0-255,66,66,55,66
230,0.0,104.244.42.0-255,66,66,55,198
231,0.010541,31.13.82.0-255,66,132,55,198
232,0.013942,31.13.82.0-255,66,198,55,198
233,0.0,104.244.42.0-255,66,66,55,264
234,0.009831,31.13.82.0-255,66,132,55,264
235,0.015021,31.13.82.0-255,66,198,55,264
236,0.055917,31.13.82.0-255,66,264,55,264
237,0.0,104.244.42.0-255,66,66,55,66
238,0.0,157.240.13.0-255,66,66,55,132
239,0.012977,104.244.42.0-255,66,132,55,132
240,0.0,104.244.42.0-255,66,66,55,264
241,0.009814,31.13.82.0-255,66,132,55,264
242,0.012033,31.13.82.0-255,66,198,55,264
243,0.052725,31.13.82.0-255,66,264,55,264
244,0.0,157.240.13.0-255,66,66,55,132
245,0.012678,104.244.42.0-255,66,132,55,132
246,0.0,104.244.42.0-255,66,66,55,66
247,0.0,104.244.42.0-255,66,66,55,264
248,0.011337,31.13.82.0-255,66,132,55,264
249,0.014724,31.13.82.0-255,66,198,55,264
250,0.051076,31.13.82.0-255,66,264,55,264
251,0.0,157.240.13.0-255,66,66,55,132
252,0.011451,104.244.42.0-255,66,132,55,132
253,0.0,104.244.42.0-255,170,170,55,972
254,1.1e-05,172.31.46.0-255,66,236,55,972
255,0.011726,172.31.46.0-255,155,391,55,972
256,0.013252,104.244.42.0-255,66,457,55,972
257,0.015629,157.240.13.0-255,95,552,55,972
258,0.015638,172.31.46.0-255,66,618,55,972
259,0.01856,157.240.13.0-255,66,684,55,972
260,0.018806,172.31.46.0-255,90,774,55,972
261,0.018816,172.31.46.0-255,66,840,55,972
262,0.020517,157.240.13.0-255,66,906,55,972
263,0.020525,157.240.13.0-255,66,972,55,972
264,0.0,104.244.42.0-255,66,66,55,66
265,0.0,104.244.42.0-255,66,66,55,66
266,0.0,104.244.42.0-255,66,66,55,198
267,0.014237,31.13.82.0-255,66,132,55,198
268,0.019884,31.13.82.0-255,66,198,55,198
269,0.0,104.244.42.0-255,66,66,55,264
270,0.006663,31.13.82.0-255,66,132,55,264
271,0.011062,31.13.82.0-255,66,198,55,264
272,0.049132,31.13.82.0-255,66,264,55,264
273,0.0,104.244.42.0-255,66,66,55,66
274,0.0,104.244.42.0-255,66,66,55,66
275,0.0,104.244.42.0-255,66,66,55,264
276,0.007126,31.13.82.0-255,66,132,55,264
277,0.010211,31.13.82.0-255,66,198,55,264
278,0.051476,31.13.82.0-255,66,264,55,264
279,0.0,104.244.42.0-255,66,66,55,66
280,0.0,104.244.42.0-255,66,66,55,66
281,0.0,104.244.42.0-255,66,66,55,66
282,0.0,157.240.13.0-255,66,66,55,132
283,0.015545,104.244.42.0-255,66,132,55,132
284,0.0,104.244.42.0-255,66,66,55,66
285,0.0,104.244.42.0-255,66,66,55,264
286,0.009294,31.13.82.0-255,66,132,55,264
287,0.012453,31.13.82.0-255,66,198,55,264
288,0.054024,31.13.82.0-255,66,264,55,264
289,0.0,104.244.42.0-255,66,66,55,132
290,0.052645,31.13.82.0-255,66,132,55,132
291,0.0,104.244.42.0-255,66,66,55,66
