,TIME,SRC,PACKET_SIZE,CUMULATIVE_PACKET_SIZE,PAGE_NUMBER,TOTAL_PACKET_SIZE
0,0.0,157.240.13.0-255,66,66,83,132
1,0.01094,104.244.42.0-255,66,132,83,132
2,0.0,172.31.47.0-255,146,146,83,212
3,0.014959,157.240.13.0-255,66,212,83,212
4,0.0,104.244.42.0-255,66,66,83,198
5,0.013103,31.13.82.0-255,66,132,83,198
6,0.018877,31.13.82.0-255,66,198,83,198
7,0.0,172.31.47.0-255,117,117,83,1473
8,0.001368,172.31.47.0-255,243,360,83,1473
9,0.001398,172.31.47.0-255,729,1089,83,1473
10,0.001725,104.244.42.0-255,110,1199,83,1473
11,0.002988,104.244.42.0-255,66,1265,83,1473
12,0.002996,104.244.42.0-255,104,1369,83,1473
13,0.003682,172.31.47.0-255,104,1473,83,1473
14,0.0,104.244.42.0-255,66,66,83,198
15,0.004107,31.13.82.0-255,66,132,83,198
16,0.012499,31.13.82.0-255,66,198,83,198
17,0.0,157.240.13.0-255,66,66,83,132
18,0.010895,104.244.42.0-255,66,132,83,132
19,0.0,157.240.13.0-255,66,66,83,132
20,0.008906,104.244.42.0-255,66,132,83,132
21,0.0,157.240.13.0-255,66,66,83,132
22,0.013018,104.244.42.0-255,66,132,83,132
23,0.0,157.240.13.0-255,66,66,83,132
24,0.013151,104.244.42.0-255,66,132,83,132
25,0.0,104.244.42.0-255,66,66,83,198
26,0.016336,31.13.82.0-255,66,132,83,198
27,0.020468,31.13.82.0-255,66,198,83,198
28,0.0,157.240.13.0-255,66,66,83,132
29,0.009231,104.244.42.0-255,66,132,83,132
30,0.0,172.31.47.0-255,147,147,83,279
31,0.016161,31.13.82.0-255,66,213,83,279
32,0.021464,31.13.82.0-255,66,279,83,279
33,0.0,157.240.13.0-255,66,66,83,132
34,0.010206,104.244.42.0-255,66,132,83,132
35,0.0,104.244.42.0-255,66,66,83,198
36,0.022832,31.13.82.0-255,66,132,83,198
37,0.026934,31.13.82.0-255,66,198,83,198
38,0.0,157.240.13.0-255,66,66,83,132
39,0.010655,104.244.42.0-255,66,132,83,132
40,0.0,157.240.13.0-255,66,66,83,132
41,0.009627,104.244.42.0-255,66,132,83,132
42,0.0,104.244.42.0-255,66,66,83,198
43,0.016749,31.13.82.0-255,66,132,83,198
44,0.020615,31.13.82.0-255,66,198,83,198
45,0.0,157.240.13.0-255,66,66,83,132
46,0.017107,104.244.42.0-255,66,132,83,132
47,0.0,157.240.13.0-255,66,66,83,264
48,0.011887,104.244.42.0-255,66,132,83,264
49,0.022279,31.13.82.0-255,66,198,83,264
50,0.026848,31.13.82.0-255,66,264,83,264
51,0.0,157.240.13.0-255,66,66,83,132
52,0.009635,104.244.42.0-255,66,132,83,132
53,0.0,172.31.47.0-255,147,147,83,147
54,0.0,104.244.42.0-255,66,66,83,198
55,0.025542,31.13.82.0-255,66,132,83,198
56,0.030055,31.13.82.0-255,66,198,83,198
57,0.0,172.31.47.0-255,147,147,83,147
58,0.0,157.240.13.0-255,66,66,83,132
59,0.009624,104.244.42.0-255,66,132,83,132
60,0.0,157.240.13.0-255,66,66,83,132
61,0.009164,104.244.42.0-255,66,132,83,132
62,0.0,157.240.13.0-255,66,66,83,132
63,0.009184,104.244.42.0-255,66,132,83,132
64,0.0,104.244.42.0-255,66,66,83,198
65,0.020831,31.13.82.0-255,66,132,83,198
66,0.02428,31.13.82.0-255,66,198,83,198
67,0.0,172.31.47.0-255,121,121,83,464
68,0.003513,172.31.47.0-255,101,222,83,464
69,0.014771,172.31.47.0-255,96,318,83,464
70,0.02485,172.31.47.0-255,146,464,83,464
71,0.0,104.244.42.0-255,66,66,83,198
72,0.008156,31.13.82.0-255,66,132,83,198
73,0.013429,31.13.82.0-255,66,198,83,198
74,0.0,157.240.13.0-255,66,66,83,132
75,0.010408,104.244.42.0-255,66,132,83,132
76,0.0,104.244.42.0-255,66,66,83,198
77,0.027291,31.13.82.0-255,66,132,83,198
78,0.030687,31.13.82.0-255,66,198,83,198
79,0.0,157.240.13.0-255,66,66,83,132
80,0.009378,104.244.42.0-255,66,132,83,132
81,0.0,157.240.13.0-255,66,66,83,132
82,0.008994,104.244.42.0-255,66,132,83,132
83,0.0,104.244.42.0-255,66,66,83,198
84,0.017338,31.13.82.0-255,66,132,83,198
85,0.021563,31.13.82.0-255,66,198,83,198
86,0.0,157.240.13.0-255,66,66,83,132
87,0.012706,104.244.42.0-255,66,132,83,132
88,0.0,157.240.13.0-255,66,66,83,132
89,0.00773,104.244.42.0-255,66,132,83,132
90,0.0,157.240.13.0-255,66,66,83,132
91,0.01534,104.244.42.0-255,66,132,83,132
92,0.0,157.240.13.0-255,66,66,83,132
93,0.023635,104.244.42.0-255,66,132,83,132
94,0.0,157.240.13.0-255,66,66,83,132
95,0.011769,104.244.42.0-255,66,132,83,132
96,0.0,104.244.42.0-255,66,66,83,198
97,0.019456,31.13.82.0-255,66,132,83,198
98,0.023715,31.13.82.0-255,66,198,83,198
99,0.0,157.240.13.0-255,66,66,83,132
100,0.011445,104.244.42.0-255,66,132,83,132
101,0.0,104.244.42.0-255,66,66,83,198
102,0.016606,31.13.82.0-255,66,132,83,198
103,0.020013,31.13.82.0-255,66,198,83,198
104,0.0,157.240.13.0-255,66,66,83,132
105,0.011008,104.244.42.0-255,66,132,83,132
106,0.0,157.240.13.0-255,66,66,83,132
107,0.011251,104.244.42.0-255,66,132,83,132
108,0.0,157.240.13.0-255,66,66,83,132
109,0.011102,104.244.42.0-255,66,132,83,132
110,0.0,157.240.13.0-255,66,66,83,132
111,0.011066,104.244.42.0-255,66,132,83,132
112,0.0,157.240.13.0-255,66,66,83,132
113,0.012558,104.244.42.0-255,66,132,83,132
114,0.0,172.31.47.0-255,146,146,83,146
115,0.0,157.240.13.0-255,66,66,83,132
116,0.010542,104.244.42.0-255,66,132,83,132
117,0.0,157.240.13.0-255,66,66,83,132
118,0.009799,104.244.42.0-255,66,132,83,132
119,0.0,157.240.13.0-255,66,66,83,264
120,0.013911,104.244.42.0-255,66,132,83,264
121,0.018215,31.13.82.0-255,66,198,83,264
122,0.026758,31.13.82.0-255,66,264,83,264
123,0.0,157.240.13.0-255,66,66,83,132
124,0.011953,104.244.42.0-255,66,132,83,132
125,0.0,157.240.13.0-255,66,66,83,132
126,0.010436,104.244.42.0-255,66,132,83,132
127,0.0,157.240.13.0-255,66,66,83,132
128,0.01423,104.244.42.0-255,66,132,83,132
129,0.0,172.31.47.0-255,147,147,83,213
130,0.026716,157.240.13.0-255,66,213,83,213
131,0.0,157.240.13.0-255,66,66,83,132
132,0.012844,104.244.42.0-255,66,132,83,132
133,0.0,104.244.42.0-255,66,66,83,198
134,0.015498,31.13.82.0-255,66,132,83,198
135,0.019394,31.13.82.0-255,66,198,83,198
136,0.0,157.240.13.0-255,66,66,83,132
137,0.009682,104.244.42.0-255,66,132,83,132
138,0.0,104.244.42.0-255,66,66,83,198
139,0.00609,31.13.82.0-255,66,132,83,198
140,0.010411,31.13.82.0-255,66,198,83,198
141,0.0,157.240.13.0-255,66,66,83,132
142,0.013199,104.244.42.0-255,66,132,83,132
143,0.0,157.240.13.0-255,66,66,83,132
144,0.013404,104.244.42.0-255,66,132,83,132
145,0.0,172.31.47.0-255,146,146,83,212
146,0.015738,157.240.13.0-255,66,212,83,212
147,0.0,157.240.13.0-255,66,66,83,132
148,0.011582,104.244.42.0-255,66,132,83,132
149,0.0,157.240.13.0-255,66,66,83,264
150,0.010189,104.244.42.0-255,66,132,83,264
151,0.023682,31.13.82.0-255,66,198,83,264
152,0.02726,31.13.82.0-255,66,264,83,264
153,0.0,157.240.13.0-255,66,66,83,132
154,0.012454,104.244.42.0-255,66,132,83,132
155,0.0,157.240.13.0-255,66,66,83,132
156,0.01066,104.244.42.0-255,66,132,83,132
157,0.0,157.240.13.0-255,66,66,83,132
158,0.010876,104.244.42.0-255,66,132,83,132
159,0.0,157.240.13.0-255,66,66,83,132
160,0.010228,104.244.42.0-255,66,132,83,132
161,0.0,157.240.13.0-255,66,66,83,132
162,0.010777,104.244.42.0-255,66,132,83,132
163,0.0,104.244.42.0-255,66,66,83,66
164,0.0,157.240.13.0-255,66,66,83,264
165,0.014404,104.244.42.0-255,66,132,83,264
166,0.022153,31.13.82.0-255,66,198,83,264
167,0.025414,31.13.82.0-255,66,264,83,264
168,0.0,104.244.42.0-255,66,66,83,66
169,0.0,157.240.13.0-255,66,66,83,132
170,0.022046,104.244.42.0-255,66,132,83,132
171,0.0,157.240.13.0-255,66,66,83,132
172,0.009537,104.244.42.0-255,66,132,83,132
173,0.0,104.244.42.0-255,66,66,83,198
174,0.011692,31.13.82.0-255,66,132,83,198
175,0.015687,31.13.82.0-255,66,198,83,198
176,0.0,157.240.13.0-255,66,66,83,132
177,0.013453,104.244.42.0-255,66,132,83,132
178,0.0,104.244.42.0-255,66,66,83,198
179,0.009449,31.13.82.0-255,66,132,83,198
180,0.013458,31.13.82.0-255,66,198,83,198
181,0.0,104.244.42.0-255,66,66,83,198
182,0.010072,31.13.82.0-255,66,132,83,198
183,0.013662,31.13.82.0-255,66,198,83,198
184,0.0,157.240.13.0-255,66,66,83,264
185,0.015141,104.244.42.0-255,66,132,83,264
186,0.01692,31.13.82.0-255,66,198,83,264
187,0.026634,31.13.82.0-255,66,264,83,264
188,0.0,157.240.13.0-255,66,66,83,132
189,0.010461,104.244.42.0-255,66,132,83,132
190,0.0,157.240.13.0-255,66,66,83,132
191,0.009061,104.244.42.0-255,66,132,83,132
192,0.0,104.244.42.0-255,66,66,83,198
193,0.013479,31.13.82.0-255,66,132,83,198
194,0.017715,31.13.82.0-255,66,198,83,198
195,0.0,172.31.47.0-255,146,146,83,212
196,0.007947,157.240.13.0-255,66,212,83,212
197,0.0,104.244.42.0-255,66,66,83,66
198,0.0,104.244.42.0-255,66,66,83,198
199,0.012692,31.13.82.0-255,66,132,83,198
200,0.015848,31.13.82.0-255,66,198,83,198
201,0.0,157.240.13.0-255,66,66,83,132
202,0.010891,104.244.42.0-255,66,132,83,132
203,0.0,157.240.13.0-255,66,66,83,264
204,0.015041,104.244.42.0-255,66,132,83,264
205,0.034767,31.13.82.0-255,66,198,83,264
206,0.039328,31.13.82.0-255,66,264,83,264
207,0.0,104.244.42.0-255,66,66,83,198
208,0.013536,31.13.82.0-255,66,132,83,198
209,0.01831,31.13.82.0-255,66,198,83,198
210,0.0,172.31.47.0-255,147,147,83,213
211,0.014517,157.240.13.0-255,66,213,83,213
212,0.0,157.240.13.0-255,66,66,83,132
213,0.012954,104.244.42.0-255,66,132,83,132
214,0.0,157.240.13.0-255,66,66,83,132
215,0.010536,104.244.42.0-255,66,132,83,132
216,0.0,157.240.13.0-255,66,66,83,132
217,0.010978,104.244.42.0-255,66,132,83,132
218,0.0,104.244.42.0-255,66,66,83,198
219,0.011414,31.13.82.0-255,66,132,83,198
220,0.015567,31.13.82.0-255,66,198,83,198
221,0.0,157.240.13.0-255,66,66,83,132
222,0.012146,104.244.42.0-255,66,132,83,132
223,0.0,104.244.42.0-255,66,66,83,198
224,0.024197,31.13.82.0-255,66,132,83,198
225,0.028184,31.13.82.0-255,66,198,83,198
226,0.0,104.244.42.0-255,66,66,83,198
227,0.00911,31.13.82.0-255,66,132,83,198
228,0.013431,31.13.82.0-255,66,198,83,198
229,0.0,104.244.42.0-255,66,66,83,198
230,0.014498,31.13.82.0-255,66,132,83,198
231,0.018461,31.13.82.0-255,66,198,83,198
232,0.0,104.244.42.0-255,66,66,83,198
233,0.014616,31.13.82.0-255,66,132,83,198
234,0.017913,31.13.82.0-255,66,198,83,198
235,0.0,157.240.13.0-255,66,66,83,132
236,0.011196,104.244.42.0-255,66,132,83,132
237,0.0,104.244.42.0-255,66,66,83,198
238,0.008309,31.13.82.0-255,66,132,83,198
239,0.015411,31.13.82.0-255,66,198,83,198
240,0.0,104.244.42.0-255,66,66,83,198
241,0.008906,31.13.82.0-255,66,132,83,198
242,0.012345,31.13.82.0-255,66,198,83,198
243,0.0,104.244.42.0-255,66,66,83,198
244,0.020095,31.13.82.0-255,66,132,83,198
245,0.02403,31.13.82.0-255,66,198,83,198
246,0.0,104.244.42.0-255,66,66,83,198
247,0.015966,31.13.82.0-255,66,132,83,198
248,0.019995,31.13.82.0-255,66,198,83,198
249,0.0,157.240.13.0-255,66,66,83,132
250,0.009569,104.244.42.0-255,66,132,83,132
251,0.0,157.240.13.0-255,66,66,83,132
252,0.01225,104.244.42.0-255,66,132,83,132
253,0.0,157.240.13.0-255,66,66,83,132
254,0.013074,104.244.42.0-255,66,132,83,132
255,0.0,104.244.42.0-255,66,66,83,66
256,0.0,157.240.13.0-255,66,66,83,132
257,0.011374,104.244.42.0-255,66,132,83,132
258,0.0,157.240.13.0-255,66,66,83,132
259,0.011717,104.244.42.0-255,66,132,83,132
260,0.0,157.240.13.0-255,66,66,83,132
261,0.010904,104.244.42.0-255,66,132,83,132
262,0.0,157.240.13.0-255,66,66,83,132
263,0.009582,104.244.42.0-255,66,132,83,132
264,0.0,157.240.13.0-255,66,66,83,132
265,0.008538,104.244.42.0-255,66,132,83,132
266,0.0,157.240.13.0-255,66,66,83,132
267,0.010208,104.244.42.0-255,66,132,83,132
268,0.0,104.244.42.0-255,66,66,83,198
269,0.013231,31.13.82.0-255,66,132,83,198
270,0.016832,31.13.82.0-255,66,198,83,198
271,0.0,104.244.42.0-255,104,104,83,352
272,2.2e-05,172.31.47.0-255,78,182,83,352
273,0.017424,172.31.47.0-255,104,286,83,352
274,0.039448,31.13.82.0-255,66,352,83,352
275,0.0,104.244.42.0-255,66,66,83,198
276,0.018284,31.13.82.0-255,66,132,83,198
277,0.02557,31.13.82.0-255,66,198,83,198
278,0.0,104.244.42.0-255,66,66,83,198
279,0.008565,31.13.82.0-255,66,132,83,198
280,0.011886,31.13.82.0-255,66,198,83,198
281,0.0,157.240.13.0-255,66,66,83,132
282,0.010037,104.244.42.0-255,66,132,83,132
283,0.0,157.240.13.0-255,66,66,83,132
284,0.012742,104.244.42.0-255,66,132,83,132
285,0.0,157.240.13.0-255,66,66,83,132
286,0.016866,104.244.42.0-255,66,132,83,132
287,0.0,172.31.47.0-255,147,147,83,147
288,0.0,157.240.13.0-255,66,66,83,132
289,0.018425,104.244.42.0-255,66,132,83,132
290,0.0,104.244.42.0-255,66,66,83,198
291,0.019421,31.13.82.0-255,66,132,83,198
292,0.024392,31.13.82.0-255,66,198,83,198
