,TIME,SRC,PACKET_SIZE,CUMULATIVE_PACKET_SIZE,PAGE_NUMBER,TOTAL_PACKET_SIZE
0,0.0,157.240.13.0-255,66,66,83,132
1,0.01094,104.244.42.0-255,66,132,83,132
2,0.0,172.31.47.0-255,146,146,83,278
3,0.014959,157.240.13.0-255,66,212,83,278
4,0.043052,104.244.42.0-255,66,278,83,278
5,0.0,104.244.42.0-255,66,66,83,198
6,0.013103,31.13.82.0-255,66,132,83,198
7,0.018877,31.13.82.0-255,66,198,83,198
8,0.0,172.31.47.0-255,117,117,83,1539
9,0.001368,172.31.47.0-255,243,360,83,1539
10,0.001398,172.31.47.0-255,729,1089,83,1539
11,0.001725,104.244.42.0-255,110,1199,83,1539
12,0.002988,104.244.42.0-255,66,1265,83,1539
13,0.002996,104.244.42.0-255,104,1369,83,1539
14,0.003682,172.31.47.0-255,104,1473,83,1539
15,0.046103,104.244.42.0-255,66,1539,83,1539
16,0.0,104.244.42.0-255,66,66,83,198
17,0.004107,31.13.82.0-255,66,132,83,198
18,0.012499,31.13.82.0-255,66,198,83,198
19,0.0,157.240.13.0-255,66,66,83,132
20,0.010895,104.244.42.0-255,66,132,83,132
21,0.0,157.240.13.0-255,66,66,83,132
22,0.008906,104.244.42.0-255,66,132,83,132
23,0.0,157.240.13.0-255,66,66,83,132
24,0.013018,104.244.42.0-255,66,132,83,132
25,0.0,157.240.13.0-255,66,66,83,132
26,0.013151,104.244.42.0-255,66,132,83,132
27,0.0,104.244.42.0-255,66,66,83,198
28,0.016336,31.13.82.0-255,66,132,83,198
29,0.020468,31.13.82.0-255,66,198,83,198
30,0.0,157.240.13.0-255,66,66,83,132
31,0.009231,104.244.42.0-255,66,132,83,132
32,0.0,172.31.47.0-255,147,147,83,345
33,0.016161,31.13.82.0-255,66,213,83,345
34,0.021464,31.13.82.0-255,66,279,83,345
35,0.041942,104.244.42.0-255,66,345,83,345
36,0.0,157.240.13.0-255,66,66,83,132
37,0.010206,104.244.42.0-255,66,132,83,132
38,0.0,104.244.42.0-255,66,66,83,198
39,0.022832,31.13.82.0-255,66,132,83,198
40,0.026934,31.13.82.0-255,66,198,83,198
41,0.0,157.240.13.0-255,66,66,83,132
42,0.010655,104.244.42.0-255,66,132,83,132
43,0.0,157.240.13.0-255,66,66,83,132
44,0.009627,104.244.42.0-255,66,132,83,132
45,0.0,104.244.42.0-255,66,66,83,198
46,0.016749,31.13.82.0-255,66,132,83,198
47,0.020615,31.13.82.0-255,66,198,83,198
48,0.0,157.240.13.0-255,66,66,83,132
49,0.017107,104.244.42.0-255,66,132,83,132
50,0.0,157.240.13.0-255,66,66,83,264
51,0.011887,104.244.42.0-255,66,132,83,264
52,0.022279,31.13.82.0-255,66,198,83,264
53,0.026848,31.13.82.0-255,66,264,83,264
54,0.0,157.240.13.0-255,66,66,83,132
55,0.009635,104.244.42.0-255,66,132,83,132
56,0.0,172.31.47.0-255,147,147,83,345
57,0.042145,104.244.42.0-255,66,213,83,345
58,0.047144,31.13.82.0-255,66,279,83,345
59,0.04721,31.13.82.0-255,66,345,83,345
60,0.0,104.244.42.0-255,66,66,83,198
61,0.025542,31.13.82.0-255,66,132,83,198
62,0.030055,31.13.82.0-255,66,198,83,198
63,0.0,172.31.47.0-255,147,147,83,213
64,0.041698,104.244.42.0-255,66,213,83,213
65,0.0,157.240.13.0-255,66,66,83,132
66,0.009624,104.244.42.0-255,66,132,83,132
67,0.0,157.240.13.0-255,66,66,83,132
68,0.009164,104.244.42.0-255,66,132,83,132
69,0.0,157.240.13.0-255,66,66,83,132
70,0.009184,104.244.42.0-255,66,132,83,132
71,0.0,104.244.42.0-255,66,66,83,198
72,0.020831,31.13.82.0-255,66,132,83,198
73,0.02428,31.13.82.0-255,66,198,83,198
74,0.0,172.31.47.0-255,121,121,83,464
75,0.003513,172.31.47.0-255,101,222,83,464
76,0.014771,172.31.47.0-255,96,318,83,464
77,0.02485,172.31.47.0-255,146,464,83,464
78,0.0,104.244.42.0-255,66,66,83,198
79,0.008156,31.13.82.0-255,66,132,83,198
80,0.013429,31.13.82.0-255,66,198,83,198
81,0.0,157.240.13.0-255,66,66,83,132
82,0.010408,104.244.42.0-255,66,132,83,132
83,0.0,104.244.42.0-255,66,66,83,198
84,0.027291,31.13.82.0-255,66,132,83,198
85,0.030687,31.13.82.0-255,66,198,83,198
86,0.0,157.240.13.0-255,66,66,83,132
87,0.009378,104.244.42.0-255,66,132,83,132
88,0.0,157.240.13.0-255,66,66,83,132
89,0.008994,104.244.42.0-255,66,132,83,132
90,0.0,104.244.42.0-255,66,66,83,198
91,0.017338,31.13.82.0-255,66,132,83,198
92,0.021563,31.13.82.0-255,66,198,83,198
93,0.0,157.240.13.0-255,66,66,83,132
94,0.012706,104.244.42.0-255,66,132,83,132
95,0.0,157.240.13.0-255,66,66,83,132
96,0.00773,104.244.42.0-255,66,132,83,132
97,0.0,157.240.13.0-255,66,66,83,132
98,0.01534,104.244.42.0-255,66,132,83,132
99,0.0,157.240.13.0-255,66,66,83,132
100,0.023635,104.244.42.0-255,66,132,83,132
101,0.0,157.240.13.0-255,66,66,83,132
102,0.011769,104.244.42.0-255,66,132,83,132
103,0.0,104.244.42.0-255,66,66,83,198
104,0.019456,31.13.82.0-255,66,132,83,198
105,0.023715,31.13.82.0-255,66,198,83,198
106,0.0,157.240.13.0-255,66,66,83,132
107,0.011445,104.244.42.0-255,66,132,83,132
108,0.0,104.244.42.0-255,66,66,83,198
109,0.016606,31.13.82.0-255,66,132,83,198
110,0.020013,31.13.82.0-255,66,198,83,198
111,0.0,157.240.13.0-255,66,66,83,132
112,0.011008,104.244.42.0-255,66,132,83,132
113,0.0,157.240.13.0-255,66,66,83,132
114,0.011251,104.244.42.0-255,66,132,83,132
115,0.0,157.240.13.0-255,66,66,83,132
116,0.011102,104.244.42.0-255,66,132,83,132
117,0.0,157.240.13.0-255,66,66,83,132
118,0.011066,104.244.42.0-255,66,132,83,132
119,0.0,157.240.13.0-255,66,66,83,132
120,0.012558,104.244.42.0-255,66,132,83,132
121,0.0,172.31.47.0-255,146,146,83,212
122,0.042105,104.244.42.0-255,66,212,83,212
123,0.0,157.240.13.0-255,66,66,83,132
124,0.010542,104.244.42.0-255,66,132,83,132
125,0.0,157.240.13.0-255,66,66,83,132
126,0.009799,104.244.42.0-255,66,132,83,132
127,0.0,157.240.13.0-255,66,66,83,264
128,0.013911,104.244.42.0-255,66,132,83,264
129,0.018215,31.13.82.0-255,66,198,83,264
130,0.026758,31.13.82.0-255,66,264,83,264
131,0.0,157.240.13.0-255,66,66,83,132
132,0.011953,104.244.42.0-255,66,132,83,132
133,0.0,157.240.13.0-255,66,66,83,132
134,0.010436,104.244.42.0-255,66,132,83,132
135,0.0,157.240.13.0-255,66,66,83,132
136,0.01423,104.244.42.0-255,66,132,83,132
137,0.0,172.31.47.0-255,147,147,83,279
138,0.026716,157.240.13.0-255,66,213,83,279
139,0.042016,104.244.42.0-255,66,279,83,279
140,0.0,157.240.13.0-255,66,66,83,132
141,0.012844,104.244.42.0-255,66,132,83,132
142,0.0,104.244.42.0-255,66,66,83,198
143,0.015498,31.13.82.0-255,66,132,83,198
144,0.019394,31.13.82.0-255,66,198,83,198
145,0.0,157.240.13.0-255,66,66,83,132
146,0.009682,104.244.42.0-255,66,132,83,132
147,0.0,104.244.42.0-255,66,66,83,264
148,0.00609,31.13.82.0-255,66,132,83,264
149,0.010411,31.13.82.0-255,66,198,83,264
150,0.048252,31.13.82.0-255,66,264,83,264
151,0.0,157.240.13.0-255,66,66,83,132
152,0.013199,104.244.42.0-255,66,132,83,132
153,0.0,157.240.13.0-255,66,66,83,132
154,0.013404,104.244.42.0-255,66,132,83,132
155,0.0,172.31.47.0-255,146,146,83,278
156,0.015738,157.240.13.0-255,66,212,83,278
157,0.042133,104.244.42.0-255,66,278,83,278
158,0.0,157.240.13.0-255,66,66,83,132
159,0.011582,104.244.42.0-255,66,132,83,132
160,0.0,157.240.13.0-255,66,66,83,264
161,0.010189,104.244.42.0-255,66,132,83,264
162,0.023682,31.13.82.0-255,66,198,83,264
163,0.02726,31.13.82.0-255,66,264,83,264
164,0.0,157.240.13.0-255,66,66,83,132
165,0.012454,104.244.42.0-255,66,132,83,132
166,0.0,157.240.13.0-255,66,66,83,132
167,0.01066,104.244.42.0-255,66,132,83,132
168,0.0,157.240.13.0-255,66,66,83,132
169,0.010876,104.244.42.0-255,66,132,83,132
170,0.0,157.240.13.0-255,66,66,83,132
171,0.010228,104.244.42.0-255,66,132,83,132
172,0.0,157.240.13.0-255,66,66,83,132
173,0.010777,104.244.42.0-255,66,132,83,132
174,0.0,104.244.42.0-255,66,66,83,66
175,0.0,157.240.13.0-255,66,66,83,264
176,0.014404,104.244.42.0-255,66,132,83,264
177,0.022153,31.13.82.0-255,66,198,83,264
178,0.025414,31.13.82.0-255,66,264,83,264
179,0.0,104.244.42.0-255,66,66,83,66
180,0.0,157.240.13.0-255,66,66,83,132
181,0.022046,104.244.42.0-255,66,132,83,132
182,0.0,157.240.13.0-255,66,66,83,132
183,0.009537,104.244.42.0-255,66,132,83,132
184,0.0,104.244.42.0-255,66,66,83,198
185,0.011692,31.13.82.0-255,66,132,83,198
186,0.015687,31.13.82.0-255,66,198,83,198
187,0.0,157.240.13.0-255,66,66,83,132
188,0.013453,104.244.42.0-255,66,132,83,132
189,0.0,104.244.42.0-255,66,66,83,198
190,0.009449,31.13.82.0-255,66,132,83,198
191,0.013458,31.13.82.0-255,66,198,83,198
192,0.0,104.244.42.0-255,66,66,83,198
193,0.010072,31.13.82.0-255,66,132,83,198
194,0.013662,31.13.82.0-255,66,198,83,198
195,0.0,157.240.13.0-255,66,66,83,264
196,0.015141,104.244.42.0-255,66,132,83,264
197,0.01692,31.13.82.0-255,66,198,83,264
198,0.026634,31.13.82.0-255,66,264,83,264
199,0.0,157.240.13.0-255,66,66,83,132
200,0.010461,104.244.42.0-255,66,132,83,132
201,0.0,157.240.13.0-255,66,66,83,132
202,0.009061,104.244.42.0-255,66,132,83,132
203,0.0,104.244.42.0-255,66,66,83,198
204,0.013479,31.13.82.0-255,66,132,83,198
205,0.017715,31.13.82.0-255,66,198,83,198
206,0.0,172.31.47.0-255,146,146,83,278
207,0.007947,157.240.13.0-255,66,212,83,278
208,0.042016,104.244.42.0-255,66,278,83,278
209,0.0,104.244.42.0-255,66,66,83,66
210,0.0,104.244.42.0-255,66,66,83,198
211,0.012692,31.13.82.0-255,66,132,83,198
212,0.015848,31.13.82.0-255,66,198,83,198
213,0.0,157.240.13.0-255,66,66,83,132
214,0.010891,104.244.42.0-255,66,132,83,132
215,0.0,157.240.13.0-255,66,66,83,264
216,0.015041,104.244.42.0-255,66,132,83,264
217,0.034767,31.13.82.0-255,66,198,83,264
218,0.039328,31.13.82.0-255,66,264,83,264
219,0.0,104.244.42.0-255,66,66,83,198
220,0.013536,31.13.82.0-255,66,132,83,198
221,0.01831,31.13.82.0-255,66,198,83,198
222,0.0,172.31.47.0-255,147,147,83,279
223,0.014517,157.240.13.0-255,66,213,83,279
224,0.042145,104.244.42.0-255,66,279,83,279
225,0.0,157.240.13.0-255,66,66,83,132
226,0.012954,104.244.42.0-255,66,132,83,132
227,0.0,157.240.13.0-255,66,66,83,132
228,0.010536,104.244.42.0-255,66,132,83,132
229,0.0,157.240.13.0-255,66,66,83,132
230,0.010978,104.244.42.0-255,66,132,83,132
231,0.0,104.244.42.0-255,66,66,83,198
232,0.011414,31.13.82.0-255,66,132,83,198
233,0.015567,31.13.82.0-255,66,198,83,198
234,0.0,157.240.13.0-255,66,66,83,132
235,0.012146,104.244.42.0-255,66,132,83,132
236,0.0,104.244.42.0-255,66,66,83,198
237,0.024197,31.13.82.0-255,66,132,83,198
238,0.028184,31.13.82.0-255,66,198,83,198
239,0.0,104.244.42.0-255,66,66,83,198
240,0.00911,31.13.82.0-255,66,132,83,198
241,0.013431,31.13.82.0-255,66,198,83,198
242,0.0,104.244.42.0-255,66,66,83,198
243,0.014498,31.13.82.0-255,66,132,83,198
244,0.018461,31.13.82.0-255,66,198,83,198
245,0.0,104.244.42.0-255,66,66,83,198
246,0.014616,31.13.82.0-255,66,132,83,198
247,0.017913,31.13.82.0-255,66,198,83,198
248,0.0,157.240.13.0-255,66,66,83,132
249,0.011196,104.244.42.0-255,66,132,83,132
250,0.0,104.244.42.0-255,66,66,83,198
251,0.008309,31.13.82.0-255,66,132,83,198
252,0.015411,31.13.82.0-255,66,198,83,198
253,0.0,104.244.42.0-255,66,66,83,198
254,0.008906,31.13.82.0-255,66,132,83,198
255,0.012345,31.13.82.0-255,66,198,83,198
256,0.0,104.244.42.0-255,66,66,83,198
257,0.020095,31.13.82.0-255,66,132,83,198
258,0.02403,31.13.82.0-255,66,198,83,198
259,0.0,104.244.42.0-255,66,66,83,198
260,0.015966,31.13.82.0-255,66,132,83,198
261,0.019995,31.13.82.0-255,66,198,83,198
262,0.0,157.240.13.0-255,66,66,83,132
263,0.009569,104.244.42.0-255,66,132,83,132
264,0.0,157.240.13.0-255,66,66,83,132
265,0.01225,104.244.42.0-255,66,132,83,132
266,0.0,157.240.13.0-255,66,66,83,132
267,0.013074,104.244.42.0-255,66,132,83,132
268,0.0,104.244.42.0-255,66,66,83,66
269,0.0,157.240.13.0-255,66,66,83,132
270,0.011374,104.244.42.0-255,66,132,83,132
271,0.0,157.240.13.0-255,66,66,83,132
272,0.011717,104.244.42.0-255,66,132,83,132
273,0.0,157.240.13.0-255,66,66,83,132
274,0.010904,104.244.42.0-255,66,132,83,132
275,0.0,157.240.13.0-255,66,66,83,132
276,0.009582,104.244.42.0-255,66,132,83,132
277,0.0,157.240.13.0-255,66,66,83,132
278,0.008538,104.244.42.0-255,66,132,83,132
279,0.0,157.240.13.0-255,66,66,83,132
280,0.010208,104.244.42.0-255,66,132,83,132
281,0.0,104.244.42.0-255,66,66,83,198
282,0.013231,31.13.82.0-255,66,132,83,198
283,0.016832,31.13.82.0-255,66,198,83,198
284,0.0,104.244.42.0-255,104,104,83,418
285,2.2e-05,172.31.47.0-255,78,182,83,418
286,0.017424,172.31.47.0-255,104,286,83,418
287,0.039448,31.13.82.0-255,66,352,83,418
288,0.044855,31.13.82.0-255,66,418,83,418
289,0.0,104.244.42.0-255,66,66,83,198
290,0.018284,31.13.82.0-255,66,132,83,198
291,0.02557,31.13.82.0-255,66,198,83,198
292,0.0,104.244.42.0-255,66,66,83,198
293,0.008565,31.13.82.0-255,66,132,83,198
294,0.011886,31.13.82.0-255,66,198,83,198
295,0.0,157.240.13.0-255,66,66,83,132
296,0.010037,104.244.42.0-255,66,132,83,132
297,0.0,157.240.13.0-255,66,66,83,132
298,0.012742,104.244.42.0-255,66,132,83,132
299,0.0,157.240.13.0-255,66,66,83,132
300,0.016866,104.244.42.0-255,66,132,83,132
301,0.0,172.31.47.0-255,147,147,83,345
302,0.042174,104.244.42.0-255,66,213,83,345
303,0.044539,31.13.82.0-255,66,279,83,345
304,0.048323,31.13.82.0-255,66,345,83,345
305,0.0,157.240.13.0-255,66,66,83,132
306,0.018425,104.244.42.0-255,66,132,83,132
307,0.0,104.244.42.0-255,66,66,83,264
308,0.019421,31.13.82.0-255,66,132,83,264
309,0.024392,31.13.82.0-255,66,198,83,264
310,0.048131,31.13.82.0-255,66,264,83,264
