,TIME,SRC,PACKET_SIZE,CUMULATIVE_PACKET_SIZE,PAGE_NUMBER,TOTAL_PACKET_SIZE
0,0.0,157.240.13.0-255,66,66,83,132
1,0.01094,104.244.42.0-255,66,132,83,132
2,0.0,172.31.47.0-255,146,146,83,278
3,0.014959,157.240.13.0-255,66,212,83,278
4,0.043052,104.244.42.0-255,66,278,83,278
5,0.0,104.244.42.0-255,66,66,83,264
6,0.013103,31.13.82.0-255,66,132,83,264
7,0.018877,31.13.82.0-255,66,198,83,264
8,0.055081,31.13.82.0-255,66,264,83,264
9,0.0,172.31.47.0-255,117,117,83,1737
10,0.001368,172.31.47.0-255,243,360,83,1737
11,0.001398,172.31.47.0-255,729,1089,83,1737
12,0.001725,104.244.42.0-255,110,1199,83,1737
13,0.002988,104.244.42.0-255,66,1265,83,1737
14,0.002996,104.244.42.0-255,104,1369,83,1737
15,0.003682,172.31.47.0-255,104,1473,83,1737
16,0.046103,104.244.42.0-255,66,1539,83,1737
17,0.053129,31.13.82.0-255,66,1605,83,1737
18,0.056846,31.13.82.0-255,66,1671,83,1737
19,0.097122,31.13.82.0-255,66,1737,83,1737
20,0.0,104.244.42.0-255,66,66,83,264
21,0.004107,31.13.82.0-255,66,132,83,264
22,0.012499,31.13.82.0-255,66,198,83,264
23,0.054683,31.13.82.0-255,66,264,83,264
24,0.0,157.240.13.0-255,66,66,83,132
25,0.010895,104.244.42.0-255,66,132,83,132
26,0.0,157.240.13.0-255,66,66,83,132
27,0.008906,104.244.42.0-255,66,132,83,132
28,0.0,157.240.13.0-255,66,66,83,132
29,0.013018,104.244.42.0-255,66,132,83,132
30,0.0,157.240.13.0-255,66,66,83,132
31,0.013151,104.244.42.0-255,66,132,83,132
32,0.0,104.244.42.0-255,66,66,83,264
33,0.016336,31.13.82.0-255,66,132,83,264
34,0.020468,31.13.82.0-255,66,198,83,264
35,0.060086,31.13.82.0-255,66,264,83,264
36,0.0,157.240.13.0-255,66,66,83,132
37,0.009231,104.244.42.0-255,66,132,83,132
38,0.0,172.31.47.0-255,147,147,83,411
39,0.016161,31.13.82.0-255,66,213,83,411
40,0.021464,31.13.82.0-255,66,279,83,411
41,0.041942,104.244.42.0-255,66,345,83,411
42,0.061992,31.13.82.0-255,66,411,83,411
43,0.0,157.240.13.0-255,66,66,83,132
44,0.010206,104.244.42.0-255,66,132,83,132
45,0.0,104.244.42.0-255,66,66,83,264
46,0.022832,31.13.82.0-255,66,132,83,264
47,0.026934,31.13.82.0-255,66,198,83,264
48,0.054082,31.13.82.0-255,66,264,83,264
49,0.0,157.240.13.0-255,66,66,83,132
50,0.010655,104.244.42.0-255,66,132,83,132
51,0.0,157.240.13.0-255,66,66,83,132
52,0.009627,104.244.42.0-255,66,132,83,132
53,0.0,104.244.42.0-255,66,66,83,264
54,0.016749,31.13.82.0-255,66,132,83,264
55,0.020615,31.13.82.0-255,66,198,83,264
56,0.063074,31.13.82.0-255,66,264,83,264
57,0.0,157.240.13.0-255,66,66,83,132
58,0.017107,104.244.42.0-255,66,132,83,132
59,0.0,157.240.13.0-255,66,66,83,264
60,0.011887,104.244.42.0-255,66,132,83,264
61,0.022279,31.13.82.0-255,66,198,83,264
62,0.026848,31.13.82.0-255,66,264,83,264
63,0.0,157.240.13.0-255,66,66,83,132
64,0.009635,104.244.42.0-255,66,132,83,132
65,0.0,172.31.47.0-255,147,147,83,411
66,0.042145,104.244.42.0-255,66,213,83,411
67,0.047144,31.13.82.0-255,66,279,83,411
68,0.04721,31.13.82.0-255,66,345,83,411
69,0.0874,31.13.82.0-255,66,411,83,411
70,0.0,104.244.42.0-255,66,66,83,264
71,0.025542,31.13.82.0-255,66,132,83,264
72,0.030055,31.13.82.0-255,66,198,83,264
73,0.055623,31.13.82.0-255,66,264,83,264
74,0.0,172.31.47.0-255,147,147,83,279
75,0.041698,104.244.42.0-255,66,213,83,279
76,0.075123,31.13.82.0-255,66,279,83,279
77,0.0,157.240.13.0-255,66,66,83,132
78,0.009624,104.244.42.0-255,66,132,83,132
79,0.0,157.240.13.0-255,66,66,83,132
80,0.009164,104.244.42.0-255,66,132,83,132
81,0.0,157.240.13.0-255,66,66,83,132
82,0.009184,104.244.42.0-255,66,132,83,132
83,0.0,104.244.42.0-255,66,66,83,264
84,0.020831,31.13.82.0-255,66,132,83,264
85,0.02428,31.13.82.0-255,66,198,83,264
86,0.065077,31.13.82.0-255,66,264,83,264
87,0.0,172.31.47.0-255,121,121,83,662
88,0.003513,172.31.47.0-255,101,222,83,662
89,0.014771,172.31.47.0-255,96,318,83,662
90,0.02485,172.31.47.0-255,146,464,83,662
91,0.06795,104.244.42.0-255,66,530,83,662
92,0.068438,31.13.82.0-255,66,596,83,662
93,0.083242,31.13.82.0-255,66,662,83,662
94,0.0,104.244.42.0-255,66,66,83,264
95,0.008156,31.13.82.0-255,66,132,83,264
96,0.013429,31.13.82.0-255,66,198,83,264
97,0.052846,31.13.82.0-255,66,264,83,264
98,0.0,157.240.13.0-255,66,66,83,132
99,0.010408,104.244.42.0-255,66,132,83,132
100,0.0,104.244.42.0-255,66,66,83,264
101,0.027291,31.13.82.0-255,66,132,83,264
102,0.030687,31.13.82.0-255,66,198,83,264
103,0.06507,31.13.82.0-255,66,264,83,264
104,0.0,157.240.13.0-255,66,66,83,132
105,0.009378,104.244.42.0-255,66,132,83,132
106,0.0,157.240.13.0-255,66,66,83,132
107,0.008994,104.244.42.0-255,66,132,83,132
108,0.0,104.244.42.0-255,66,66,83,264
109,0.017338,31.13.82.0-255,66,132,83,264
110,0.021563,31.13.82.0-255,66,198,83,264
111,0.059813,31.13.82.0-255,66,264,83,264
112,0.0,157.240.13.0-255,66,66,83,132
113,0.012706,104.244.42.0-255,66,132,83,132
114,0.0,157.240.13.0-255,66,66,83,132
115,0.00773,104.244.42.0-255,66,132,83,132
116,0.0,157.240.13.0-255,66,66,83,132
117,0.01534,104.244.42.0-255,66,132,83,132
118,0.0,157.240.13.0-255,66,66,83,132
119,0.023635,104.244.42.0-255,66,132,83,132
120,0.0,157.240.13.0-255,66,66,83,132
121,0.011769,104.244.42.0-255,66,132,83,132
122,0.0,104.244.42.0-255,66,66,83,264
123,0.019456,31.13.82.0-255,66,132,83,264
124,0.023715,31.13.82.0-255,66,198,83,264
125,0.060467,31.13.82.0-255,66,264,83,264
126,0.0,157.240.13.0-255,66,66,83,132
127,0.011445,104.244.42.0-255,66,132,83,132
128,0.0,104.244.42.0-255,66,66,83,264
129,0.016606,31.13.82.0-255,66,132,83,264
130,0.020013,31.13.82.0-255,66,198,83,264
131,0.060882,31.13.82.0-255,66,264,83,264
132,0.0,157.240.13.0-255,66,66,83,132
133,0.011008,104.244.42.0-255,66,132,83,132
134,0.0,157.240.13.0-255,66,66,83,132
135,0.011251,104.244.42.0-255,66,132,83,132
136,0.0,157.240.13.0-255,66,66,83,132
137,0.011102,104.244.42.0-255,66,132,83,132
138,0.0,157.240.13.0-255,66,66,83,132
139,0.011066,104.244.42.0-255,66,132,83,132
140,0.0,157.240.13.0-255,66,66,83,132
141,0.012558,104.244.42.0-255,66,132,83,132
142,0.0,172.31.47.0-255,146,146,83,278
143,0.042105,104.244.42.0-255,66,212,83,278
144,0.078028,31.13.82.0-255,66,278,83,278
145,0.0,157.240.13.0-255,66,66,83,132
146,0.010542,104.244.42.0-255,66,132,83,132
147,0.0,157.240.13.0-255,66,66,83,132
148,0.009799,104.244.42.0-255,66,132,83,132
149,0.0,157.240.13.0-255,66,66,83,264
150,0.013911,104.244.42.0-255,66,132,83,264
151,0.018215,31.13.82.0-255,66,198,83,264
152,0.026758,31.13.82.0-255,66,264,83,264
153,0.0,157.240.13.0-255,66,66,83,132
154,0.011953,104.244.42.0-255,66,132,83,132
155,0.0,157.240.13.0-255,66,66,83,132
156,0.010436,104.244.42.0-255,66,132,83,132
157,0.0,157.240.13.0-255,66,66,83,132
158,0.01423,104.244.42.0-255,66,132,83,132
159,0.0,172.31.47.0-255,147,147,83,279
160,0.026716,157.240.13.0-255,66,213,83,279
161,0.042016,104.244.42.0-255,66,279,83,279
162,0.0,157.240.13.0-255,66,66,83,132
163,0.012844,104.244.42.0-255,66,132,83,132
164,0.0,104.244.42.0-255,66,66,83,264
165,0.015498,31.13.82.0-255,66,132,83,264
166,0.019394,31.13.82.0-255,66,198,83,264
167,0.068764,31.13.82.0-255,66,264,83,264
168,0.0,157.240.13.0-255,66,66,83,132
169,0.009682,104.244.42.0-255,66,132,83,132
170,0.0,104.244.42.0-255,66,66,83,264
171,0.00609,31.13.82.0-255,66,132,83,264
172,0.010411,31.13.82.0-255,66,198,83,264
173,0.048252,31.13.82.0-255,66,264,83,264
174,0.0,157.240.13.0-255,66,66,83,132
175,0.013199,104.244.42.0-255,66,132,83,132
176,0.0,157.240.13.0-255,66,66,83,132
177,0.013404,104.244.42.0-255,66,132,83,132
178,0.0,172.31.47.0-255,146,146,83,278
179,0.015738,157.240.13.0-255,66,212,83,278
180,0.042133,104.244.42.0-255,66,278,83,278
181,0.0,157.240.13.0-255,66,66,83,132
182,0.011582,104.244.42.0-255,66,132,83,132
183,0.0,157.240.13.0-255,66,66,83,264
184,0.010189,104.244.42.0-255,66,132,83,264
185,0.023682,31.13.82.0-255,66,198,83,264
186,0.02726,31.13.82.0-255,66,264,83,264
187,0.0,157.240.13.0-255,66,66,83,132
188,0.012454,104.244.42.0-255,66,132,83,132
189,0.0,157.240.13.0-255,66,66,83,132
190,0.01066,104.244.42.0-255,66,132,83,132
191,0.0,157.240.13.0-255,66,66,83,132
192,0.010876,104.244.42.0-255,66,132,83,132
193,0.0,157.240.13.0-255,66,66,83,132
194,0.010228,104.244.42.0-255,66,132,83,132
195,0.0,157.240.13.0-255,66,66,83,132
196,0.010777,104.244.42.0-255,66,132,83,132
197,0.0,104.244.42.0-255,66,66,83,132
198,0.056215,31.13.82.0-255,66,132,83,132
199,0.0,157.240.13.0-255,66,66,83,264
200,0.014404,104.244.42.0-255,66,132,83,264
201,0.022153,31.13.82.0-255,66,198,83,264
202,0.025414,31.13.82.0-255,66,264,83,264
203,0.0,104.244.42.0-255,66,66,83,66
204,0.0,157.240.13.0-255,66,66,83,132
205,0.022046,104.244.42.0-255,66,132,83,132
206,0.0,157.240.13.0-255,66,66,83,132
207,0.009537,104.244.42.0-255,66,132,83,132
208,0.0,104.244.42.0-255,66,66,83,264
209,0.011692,31.13.82.0-255,66,132,83,264
210,0.015687,31.13.82.0-255,66,198,83,264
211,0.05568,31.13.82.0-255,66,264,83,264
212,0.0,157.240.13.0-255,66,66,83,132
213,0.013453,104.244.42.0-255,66,132,83,132
214,0.0,104.244.42.0-255,66,66,83,264
215,0.009449,31.13.82.0-255,66,132,83,264
216,0.013458,31.13.82.0-255,66,198,83,264
217,0.053967,31.13.82.0-255,66,264,83,264
218,0.0,104.244.42.0-255,66,66,83,264
219,0.010072,31.13.82.0-255,66,132,83,264
220,0.013662,31.13.82.0-255,66,198,83,264
221,0.054653,31.13.82.0-255,66,264,83,264
222,0.0,157.240.13.0-255,66,66,83,264
223,0.015141,104.244.42.0-255,66,132,83,264
224,0.01692,31.13.82.0-255,66,198,83,264
225,0.026634,31.13.82.0-255,66,264,83,264
226,0.0,157.240.13.0-255,66,66,83,132
227,0.010461,104.244.42.0-255,66,132,83,132
228,0.0,157.240.13.0-255,66,66,83,132
229,0.009061,104.244.42.0-255,66,132,83,132
230,0.0,104.244.42.0-255,66,66,83,264
231,0.013479,31.13.82.0-255,66,132,83,264
232,0.017715,31.13.82.0-255,66,198,83,264
233,0.060535,31.13.82.0-255,66,264,83,264
234,0.0,172.31.47.0-255,146,146,83,278
235,0.007947,157.240.13.0-255,66,212,83,278
236,0.042016,104.244.42.0-255,66,278,83,278
237,0.0,104.244.42.0-255,66,66,83,132
238,0.05415,31.13.82.0-255,66,132,83,132
239,0.0,104.244.42.0-255,66,66,83,264
240,0.012692,31.13.82.0-255,66,132,83,264
241,0.015848,31.13.82.0-255,66,198,83,264
242,0.055654,31.13.82.0-255,66,264,83,264
243,0.0,157.240.13.0-255,66,66,83,132
244,0.010891,104.244.42.0-255,66,132,83,132
245,0.0,157.240.13.0-255,66,66,83,264
246,0.015041,104.244.42.0-255,66,132,83,264
247,0.034767,31.13.82.0-255,66,198,83,264
248,0.039328,31.13.82.0-255,66,264,83,264
249,0.0,104.244.42.0-255,66,66,83,264
250,0.013536,31.13.82.0-255,66,132,83,264
251,0.01831,31.13.82.0-255,66,198,83,264
252,0.056744,31.13.82.0-255,66,264,83,264
253,0.0,172.31.47.0-255,147,147,83,279
254,0.014517,157.240.13.0-255,66,213,83,279
255,0.042145,104.244.42.0-255,66,279,83,279
256,0.0,157.240.13.0-255,66,66,83,132
257,0.012954,104.244.42.0-255,66,132,83,132
258,0.0,157.240.13.0-255,66,66,83,132
259,0.010536,104.244.42.0-255,66,132,83,132
260,0.0,157.240.13.0-255,66,66,83,132
261,0.010978,104.244.42.0-255,66,132,83,132
262,0.0,104.244.42.0-255,66,66,83,264
263,0.011414,31.13.82.0-255,66,132,83,264
264,0.015567,31.13.82.0-255,66,198,83,264
265,0.069667,31.13.82.0-255,66,264,83,264
266,0.0,157.240.13.0-255,66,66,83,132
267,0.012146,104.244.42.0-255,66,132,83,132
268,0.0,104.244.42.0-255,66,66,83,264
269,0.024197,31.13.82.0-255,66,132,83,264
270,0.028184,31.13.82.0-255,66,198,83,264
271,0.070549,31.13.82.0-255,66,264,83,264
272,0.0,104.244.42.0-255,66,66,83,264
273,0.00911,31.13.82.0-255,66,132,83,264
274,0.013431,31.13.82.0-255,66,198,83,264
275,0.052824,31.13.82.0-255,66,264,83,264
276,0.0,104.244.42.0-255,66,66,83,264
277,0.014498,31.13.82.0-255,66,132,83,264
278,0.018461,31.13.82.0-255,66,198,83,264
279,0.056383,31.13.82.0-255,66,264,83,264
280,0.0,104.244.42.0-255,66,66,83,264
281,0.014616,31.13.82.0-255,66,132,83,264
282,0.017913,31.13.82.0-255,66,198,83,264
283,0.061847,31.13.82.0-255,66,264,83,264
284,0.0,157.240.13.0-255,66,66,83,132
285,0.011196,104.244.42.0-255,66,132,83,132
286,0.0,104.244.42.0-255,66,66,83,264
287,0.008309,31.13.82.0-255,66,132,83,264
288,0.015411,31.13.82.0-255,66,198,83,264
289,0.054566,31.13.82.0-255,66,264,83,264
290,0.0,104.244.42.0-255,66,66,83,264
291,0.008906,31.13.82.0-255,66,132,83,264
292,0.012345,31.13.82.0-255,66,198,83,264
293,0.054904,31.13.82.0-255,66,264,83,264
294,0.0,104.244.42.0-255,66,66,83,264
295,0.020095,31.13.82.0-255,66,132,83,264
296,0.02403,31.13.82.0-255,66,198,83,264
297,0.064434,31.13.82.0-255,66,264,83,264
298,0.0,104.244.42.0-255,66,66,83,264
299,0.015966,31.13.82.0-255,66,132,83,264
300,0.019995,31.13.82.0-255,66,198,83,264
301,0.060232,31.13.82.0-255,66,264,83,264
302,0.0,157.240.13.0-255,66,66,83,132
303,0.009569,104.244.42.0-255,66,132,83,132
304,0.0,157.240.13.0-255,66,66,83,132
305,0.01225,104.244.42.0-255,66,132,83,132
306,0.0,157.240.13.0-255,66,66,83,132
307,0.013074,104.244.42.0-255,66,132,83,132
308,0.0,104.244.42.0-255,66,66,83,132
309,0.055565,31.13.82.0-255,66,132,83,132
310,0.0,157.240.13.0-255,66,66,83,132
311,0.011374,104.244.42.0-255,66,132,83,132
312,0.0,157.240.13.0-255,66,66,83,132
313,0.011717,104.244.42.0-255,66,132,83,132
314,0.0,157.240.13.0-255,66,66,83,132
315,0.010904,104.244.42.0-255,66,132,83,132
316,0.0,157.240.13.0-255,66,66,83,132
317,0.009582,104.244.42.0-255,66,132,83,132
318,0.0,157.240.13.0-255,66,66,83,132
319,0.008538,104.244.42.0-255,66,132,83,132
320,0.0,157.240.13.0-255,66,66,83,132
321,0.010208,104.244.42.0-255,66,132,83,132
322,0.0,104.244.42.0-255,66,66,83,264
323,0.013231,31.13.82.0-255,66,132,83,264
324,0.016832,31.13.82.0-255,66,198,83,264
325,0.056901,31.13.82.0-255,66,264,83,264
326,0.0,104.244.42.0-255,104,104,83,550
327,2.2e-05,172.31.47.0-255,78,182,83,550
328,0.017424,172.31.47.0-255,104,286,83,550
329,0.039448,31.13.82.0-255,66,352,83,550
330,0.044855,31.13.82.0-255,66,418,83,550
331,0.059008,104.244.42.0-255,66,484,83,550
332,0.084319,31.13.82.0-255,66,550,83,550
333,0.0,104.244.42.0-255,66,66,83,264
334,0.018284,31.13.82.0-255,66,132,83,264
335,0.02557,31.13.82.0-255,66,198,83,264
336,0.052614,31.13.82.0-255,66,264,83,264
337,0.0,104.244.42.0-255,66,66,83,264
338,0.008565,31.13.82.0-255,66,132,83,264
339,0.011886,31.13.82.0-255,66,198,83,264
340,0.052707,31.13.82.0-255,66,264,83,264
341,0.0,157.240.13.0-255,66,66,83,132
342,0.010037,104.244.42.0-255,66,132,83,132
343,0.0,157.240.13.0-255,66,66,83,132
344,0.012742,104.244.42.0-255,66,132,83,132
345,0.0,157.240.13.0-255,66,66,83,132
346,0.016866,104.244.42.0-255,66,132,83,132
347,0.0,172.31.47.0-255,147,147,83,411
348,0.042174,104.244.42.0-255,66,213,83,411
349,0.044539,31.13.82.0-255,66,279,83,411
350,0.048323,31.13.82.0-255,66,345,83,411
351,0.091147,31.13.82.0-255,66,411,83,411
352,0.0,157.240.13.0-255,66,66,83,132
353,0.018425,104.244.42.0-255,66,132,83,132
354,0.0,104.244.42.0-255,66,66,83,264
355,0.019421,31.13.82.0-255,66,132,83,264
356,0.024392,31.13.82.0-255,66,198,83,264
357,0.048131,31.13.82.0-255,66,264,83,264
