,TIME,SRC,PACKET_SIZE,CUMULATIVE_PACKET_SIZE,PAGE_NUMBER,TOTAL_PACKET_SIZE
0,0.0,104.244.42.0-255,66,66,7,198
1,0.008728,31.13.82.0-255,66,132,7,198
2,0.016337,31.13.82.0-255,66,198,7,198
3,0.0,172.31.36.0-255,66,66,7,198
4,0.005063,31.13.82.0-255,66,132,7,198
5,0.008292,31.13.82.0-255,66,198,7,198
6,0.0,172.31.36.0-255,66,66,7,264
7,0.004531,31.13.82.0-255,66,132,7,264
8,0.005056,104.244.42.0-255,66,198,7,264
9,0.007298,31.13.82.0-255,66,264,7,264
10,0.0,104.244.42.0-255,66,66,7,198
11,0.023368,31.13.82.0-255,66,132,7,198
12,0.025912,31.13.82.0-255,66,198,7,198
13,0.0,104.244.42.0-255,66,66,7,198
14,0.012785,31.13.82.0-255,66,132,7,198
15,0.015022,31.13.82.0-255,66,198,7,198
16,0.0,104.244.42.0-255,66,66,7,198
17,0.011674,31.13.82.0-255,66,132,7,198
18,0.01505,31.13.82.0-255,66,198,7,198
19,0.0,172.31.36.0-255,66,66,7,264
20,0.00103,31.13.82.0-255,66,132,7,264
21,0.005007,104.244.42.0-255,66,198,7,264
22,0.006447,31.13.82.0-255,66,264,7,264
23,0.0,104.244.42.0-255,66,66,7,198
24,0.023651,31.13.82.0-255,66,132,7,198
25,0.028806,31.13.82.0-255,66,198,7,198
26,0.0,104.244.42.0-255,66,66,7,198
27,0.018778,31.13.82.0-255,66,132,7,198
28,0.023903,31.13.82.0-255,66,198,7,198
29,0.0,172.31.36.0-255,66,66,7,132
30,0.004914,104.244.42.0-255,66,132,7,132
31,0.0,157.240.13.0-255,66,66,7,132
32,0.021481,104.244.42.0-255,66,132,7,132
33,0.0,157.240.13.0-255,66,66,7,132
34,0.008911,104.244.42.0-255,66,132,7,132
35,0.0,104.244.42.0-255,66,66,7,198
36,0.00692,31.13.82.0-255,66,132,7,198
37,0.010023,31.13.82.0-255,66,198,7,198
38,0.0,104.244.42.0-255,66,66,7,198
39,0.013712,31.13.82.0-255,66,132,7,198
40,0.016533,31.13.82.0-255,66,198,7,198
41,0.0,31.13.82.0-255,66,66,7,132
42,0.003308,31.13.82.0-255,66,132,7,132
43,0.0,104.244.42.0-255,66,66,7,198
44,0.011752,31.13.82.0-255,66,132,7,198
45,0.015477,31.13.82.0-255,66,198,7,198
46,0.0,104.244.42.0-255,66,66,7,198
47,0.024116,31.13.82.0-255,66,132,7,198
48,0.027368,31.13.82.0-255,66,198,7,198
49,0.0,104.244.42.0-255,66,66,7,198
50,0.007821,31.13.82.0-255,66,132,7,198
51,0.009641,31.13.82.0-255,66,198,7,198
52,0.0,104.244.42.0-255,66,66,7,198
53,0.021047,31.13.82.0-255,66,132,7,198
54,0.025306,31.13.82.0-255,66,198,7,198
55,0.0,104.244.42.0-255,66,66,7,198
56,0.010815,31.13.82.0-255,66,132,7,198
57,0.01473,31.13.82.0-255,66,198,7,198
58,0.0,104.244.42.0-255,66,66,7,198
59,0.00166,31.13.82.0-255,66,132,7,198
60,0.005246,31.13.82.0-255,66,198,7,198
61,0.0,104.244.42.0-255,66,66,7,198
62,0.006235,31.13.82.0-255,66,132,7,198
63,0.011268,31.13.82.0-255,66,198,7,198
64,0.0,104.244.42.0-255,66,66,7,198
65,0.012424,31.13.82.0-255,66,132,7,198
66,0.015855,31.13.82.0-255,66,198,7,198
67,0.0,104.244.42.0-255,66,66,7,198
68,0.012945,31.13.82.0-255,66,132,7,198
69,0.016987,31.13.82.0-255,66,198,7,198
70,0.0,104.244.42.0-255,66,66,7,198
71,0.013573,31.13.82.0-255,66,132,7,198
72,0.017613,31.13.82.0-255,66,198,7,198
73,0.0,104.244.42.0-255,66,66,7,198
74,0.006092,31.13.82.0-255,66,132,7,198
75,0.009617,31.13.82.0-255,66,198,7,198
76,0.0,104.244.42.0-255,66,66,7,198
77,0.009213,31.13.82.0-255,66,132,7,198
78,0.014029,31.13.82.0-255,66,198,7,198
79,0.0,172.31.36.0-255,66,66,7,264
80,0.00299,104.244.42.0-255,66,132,7,264
81,0.005348,31.13.82.0-255,66,198,7,264
82,0.009585,31.13.82.0-255,66,264,7,264
83,0.0,104.244.42.0-255,66,66,7,198
84,0.008754,31.13.82.0-255,66,132,7,198
85,0.010895,31.13.82.0-255,66,198,7,198
86,0.0,104.244.42.0-255,66,66,7,198
87,0.006366,31.13.82.0-255,66,132,7,198
88,0.009711,31.13.82.0-255,66,198,7,198
89,0.0,172.31.36.0-255,66,66,7,264
90,0.000529,31.13.82.0-255,66,132,7,264
91,0.003413,104.244.42.0-255,66,198,7,264
92,0.004402,31.13.82.0-255,66,264,7,264
93,0.0,104.244.42.0-255,66,66,7,198
94,0.00742,31.13.82.0-255,66,132,7,198
95,0.015262,31.13.82.0-255,66,198,7,198
96,0.0,104.244.42.0-255,66,66,7,198
97,0.013096,31.13.82.0-255,66,132,7,198
98,0.016743,31.13.82.0-255,66,198,7,198
99,0.0,157.240.13.0-255,66,66,7,132
100,0.010796,104.244.42.0-255,66,132,7,132
101,0.0,104.244.42.0-255,66,66,7,198
102,0.019818,31.13.82.0-255,66,132,7,198
103,0.020491,31.13.82.0-255,66,198,7,198
104,0.0,104.244.42.0-255,66,66,7,198
105,0.012182,31.13.82.0-255,66,132,7,198
106,0.015109,31.13.82.0-255,66,198,7,198
107,0.0,104.244.42.0-255,66,66,7,198
108,0.010639,31.13.82.0-255,66,132,7,198
109,0.014381,31.13.82.0-255,66,198,7,198
110,0.0,104.244.42.0-255,66,66,7,198
111,0.003488,31.13.82.0-255,66,132,7,198
112,0.007256,31.13.82.0-255,66,198,7,198
113,0.0,172.31.36.0-255,612,612,7,2617
114,0.001653,104.244.42.0-255,66,678,7,2617
115,0.001818,104.244.42.0-255,407,1085,7,2617
116,0.001828,172.31.36.0-255,66,1151,7,2617
117,0.002198,172.31.36.0-255,117,1268,7,2617
118,0.003953,104.244.42.0-255,110,1378,7,2617
119,0.009512,172.31.36.0-255,243,1621,7,2617
120,0.009551,172.31.36.0-255,722,2343,7,2617
121,0.011212,104.244.42.0-255,66,2409,7,2617
122,0.011295,104.244.42.0-255,104,2513,7,2617
123,0.012211,172.31.36.0-255,104,2617,7,2617
124,0.0,157.240.13.0-255,66,66,7,198
125,0.015972,172.31.36.0-255,66,132,7,198
126,0.018651,104.244.42.0-255,66,198,7,198
127,0.0,104.244.42.0-255,66,66,7,198
128,0.010097,31.13.82.0-255,66,132,7,198
129,0.015421,31.13.82.0-255,66,198,7,198
130,0.0,157.240.13.0-255,66,66,7,198
131,0.012658,172.31.36.0-255,66,132,7,198
132,0.01642,104.244.42.0-255,66,198,7,198
133,0.0,104.244.42.0-255,66,66,7,66
134,0.0,104.244.42.0-255,66,66,7,369
135,0.009428,31.13.82.0-255,66,132,7,369
136,0.014819,31.13.82.0-255,66,198,7,369
137,0.017935,31.13.82.0-255,105,303,7,369
138,0.017945,172.31.36.0-255,66,369,7,369
139,0.0,104.244.42.0-255,66,66,7,198
140,0.006419,31.13.82.0-255,66,132,7,198
141,0.01115,31.13.82.0-255,66,198,7,198
142,0.0,104.244.42.0-255,66,66,7,198
143,0.00612,31.13.82.0-255,66,132,7,198
144,0.008968,31.13.82.0-255,66,198,7,198
145,0.0,104.244.42.0-255,66,66,7,198
146,0.008138,31.13.82.0-255,66,132,7,198
147,0.011115,31.13.82.0-255,66,198,7,198
148,0.0,31.13.82.0-255,66,66,7,264
149,0.003161,172.31.36.0-255,66,132,7,264
150,0.005227,31.13.82.0-255,66,198,7,264
151,0.005902,104.244.42.0-255,66,264,7,264
152,0.0,104.244.42.0-255,66,66,7,198
153,0.011322,31.13.82.0-255,66,132,7,198
154,0.016371,31.13.82.0-255,66,198,7,198
155,0.0,104.244.42.0-255,66,66,7,198
156,0.010584,31.13.82.0-255,66,132,7,198
157,0.015471,31.13.82.0-255,66,198,7,198
158,0.0,172.31.36.0-255,66,66,7,198
159,0.005013,31.13.82.0-255,66,132,7,198
160,0.008165,31.13.82.0-255,66,198,7,198
161,0.0,104.244.42.0-255,66,66,7,369
162,0.005176,31.13.82.0-255,105,171,7,369
163,0.005189,172.31.36.0-255,66,237,7,369
164,0.00623,31.13.82.0-255,66,303,7,369
165,0.010508,31.13.82.0-255,66,369,7,369
166,0.0,104.244.42.0-255,66,66,7,198
167,0.01765,31.13.82.0-255,66,132,7,198
168,0.020697,31.13.82.0-255,66,198,7,198
169,0.0,104.244.42.0-255,66,66,7,132
170,0.026522,31.13.82.0-255,66,132,7,132
171,0.0,104.244.42.0-255,66,66,7,198
172,0.003419,31.13.82.0-255,66,132,7,198
173,0.0075,31.13.82.0-255,66,198,7,198
174,0.0,104.244.42.0-255,66,66,7,198
175,0.008734,31.13.82.0-255,66,132,7,198
176,0.010858,31.13.82.0-255,66,198,7,198
177,0.0,172.31.36.0-255,66,66,7,264
178,0.003903,104.244.42.0-255,66,132,7,264
179,0.008393,31.13.82.0-255,66,198,7,264
180,0.010917,31.13.82.0-255,66,264,7,264
181,0.0,104.244.42.0-255,66,66,7,198
182,0.014008,31.13.82.0-255,66,132,7,198
183,0.016675,31.13.82.0-255,66,198,7,198
184,0.0,104.244.42.0-255,66,66,7,198
185,0.015381,31.13.82.0-255,66,132,7,198
186,0.01872,31.13.82.0-255,66,198,7,198
187,0.0,104.244.42.0-255,66,66,7,198
188,0.003999,31.13.82.0-255,66,132,7,198
189,0.010874,31.13.82.0-255,66,198,7,198
190,0.0,104.244.42.0-255,66,66,7,198
191,0.011033,31.13.82.0-255,66,132,7,198
192,0.015662,31.13.82.0-255,66,198,7,198
193,0.0,104.244.42.0-255,66,66,7,198
194,0.008643,31.13.82.0-255,66,132,7,198
195,0.011985,31.13.82.0-255,66,198,7,198
196,0.0,104.244.42.0-255,66,66,7,198
197,0.006294,31.13.82.0-255,66,132,7,198
198,0.010848,31.13.82.0-255,66,198,7,198
199,0.0,104.244.42.0-255,66,66,7,198
200,0.023392,31.13.82.0-255,66,132,7,198
201,0.023557,31.13.82.0-255,66,198,7,198
202,0.0,104.244.42.0-255,66,66,7,198
203,0.007355,31.13.82.0-255,66,132,7,198
204,0.007626,31.13.82.0-255,66,198,7,198
205,0.0,104.244.42.0-255,66,66,7,198
206,0.025929,31.13.82.0-255,66,132,7,198
207,0.02887,31.13.82.0-255,66,198,7,198
208,0.0,104.244.42.0-255,66,66,7,198
209,0.006562,31.13.82.0-255,66,132,7,198
210,0.009861,31.13.82.0-255,66,198,7,198
211,0.0,104.244.42.0-255,66,66,7,198
212,0.015255,31.13.82.0-255,66,132,7,198
213,0.018792,31.13.82.0-255,66,198,7,198
214,0.0,104.244.42.0-255,66,66,7,198
215,0.009951,31.13.82.0-255,66,132,7,198
216,0.012646,31.13.82.0-255,66,198,7,198
217,0.0,104.244.42.0-255,66,66,7,198
218,0.009944,31.13.82.0-255,66,132,7,198
219,0.013635,31.13.82.0-255,66,198,7,198
220,0.0,104.244.42.0-255,66,66,7,198
221,0.007801,31.13.82.0-255,66,132,7,198
222,0.012946,31.13.82.0-255,66,198,7,198
223,0.0,104.244.42.0-255,66,66,7,198
224,0.025413,31.13.82.0-255,66,132,7,198
225,0.028385,31.13.82.0-255,66,198,7,198
226,0.0,104.244.42.0-255,66,66,7,198
227,0.007421,31.13.82.0-255,66,132,7,198
228,0.010152,31.13.82.0-255,66,198,7,198
229,0.0,104.244.42.0-255,66,66,7,198
230,0.006377,31.13.82.0-255,66,132,7,198
231,0.014716,31.13.82.0-255,66,198,7,198
232,0.0,104.244.42.0-255,66,66,7,198
233,0.006978,31.13.82.0-255,66,132,7,198
234,0.013629,31.13.82.0-255,66,198,7,198
235,0.0,104.244.42.0-255,66,66,7,198
236,0.007764,31.13.82.0-255,66,132,7,198
237,0.012336,31.13.82.0-255,66,198,7,198
238,0.0,104.244.42.0-255,66,66,7,198
239,0.012537,31.13.82.0-255,66,132,7,198
240,0.015809,31.13.82.0-255,66,198,7,198
241,0.0,104.244.42.0-255,66,66,7,198
242,0.011144,31.13.82.0-255,66,132,7,198
243,0.015567,31.13.82.0-255,66,198,7,198
244,0.0,104.244.42.0-255,66,66,7,198
245,0.022237,31.13.82.0-255,66,132,7,198
246,0.026956,31.13.82.0-255,66,198,7,198
247,0.0,157.240.13.0-255,66,66,7,132
248,0.011539,104.244.42.0-255,66,132,7,132
249,0.0,104.244.42.0-255,66,66,7,132
250,0.026666,31.13.82.0-255,66,132,7,132
251,0.0,157.240.13.0-255,66,66,7,132
252,0.011434,104.244.42.0-255,66,132,7,132
253,0.0,104.244.42.0-255,66,66,7,198
254,0.008676,31.13.82.0-255,66,132,7,198
255,0.011428,31.13.82.0-255,66,198,7,198
256,0.0,104.244.42.0-255,66,66,7,198
257,0.00821,31.13.82.0-255,66,132,7,198
258,0.010888,31.13.82.0-255,66,198,7,198
259,0.0,104.244.42.0-255,66,66,7,198
260,0.019887,31.13.82.0-255,66,132,7,198
261,0.022374,31.13.82.0-255,66,198,7,198
262,0.0,172.31.36.0-255,147,147,7,147
263,0.0,104.244.42.0-255,66,66,7,198
264,0.008851,31.13.82.0-255,66,132,7,198
265,0.011909,31.13.82.0-255,66,198,7,198
266,0.0,157.240.13.0-255,66,66,7,213
267,0.015229,172.31.36.0-255,147,213,7,213
268,0.0,104.244.42.0-255,66,66,7,198
269,0.005563,31.13.82.0-255,66,132,7,198
270,0.008481,31.13.82.0-255,66,198,7,198
271,0.0,104.244.42.0-255,66,66,7,198
272,0.004887,31.13.82.0-255,66,132,7,198
273,0.007826,31.13.82.0-255,66,198,7,198
274,0.0,104.244.42.0-255,66,66,7,198
275,0.022002,31.13.82.0-255,66,132,7,198
276,0.025497,31.13.82.0-255,66,198,7,198
277,0.0,172.31.36.0-255,66,66,7,264
278,0.001526,104.244.42.0-255,66,132,7,264
279,0.00154,31.13.82.0-255,66,198,7,264
280,0.006882,31.13.82.0-255,66,264,7,264
281,0.0,104.244.42.0-255,66,66,7,198
282,0.011628,31.13.82.0-255,66,132,7,198
283,0.013736,31.13.82.0-255,66,198,7,198
284,0.0,104.244.42.0-255,66,66,7,198
285,0.009957,31.13.82.0-255,66,132,7,198
286,0.010476,31.13.82.0-255,66,198,7,198
287,0.0,31.13.82.0-255,66,66,7,198
288,0.003385,31.13.82.0-255,66,132,7,198
289,0.019471,104.244.42.0-255,66,198,7,198
290,0.0,104.244.42.0-255,66,66,7,198
291,0.003995,31.13.82.0-255,66,132,7,198
292,0.006954,31.13.82.0-255,66,198,7,198
293,0.0,157.240.13.0-255,66,66,7,198
294,0.018547,172.31.36.0-255,66,132,7,198
295,0.023574,104.244.42.0-255,66,198,7,198
296,0.0,157.240.13.0-255,66,66,7,132
297,0.009533,104.244.42.0-255,66,132,7,132
298,0.0,104.244.42.0-255,66,66,7,198
299,0.007117,31.13.82.0-255,66,132,7,198
300,0.009522,31.13.82.0-255,66,198,7,198
301,0.0,104.244.42.0-255,66,66,7,66
302,0.0,104.244.42.0-255,66,66,7,198
303,0.009588,31.13.82.0-255,66,132,7,198
304,0.012434,31.13.82.0-255,66,198,7,198
305,0.0,104.244.42.0-255,66,66,7,198
306,0.001994,31.13.82.0-255,66,132,7,198
307,0.004527,31.13.82.0-255,66,198,7,198
308,0.0,104.244.42.0-255,66,66,7,66
309,0.0,172.31.36.0-255,66,66,7,264
310,0.001668,104.244.42.0-255,66,132,7,264
311,0.008647,31.13.82.0-255,66,198,7,264
312,0.011839,31.13.82.0-255,66,264,7,264
313,0.0,104.244.42.0-255,66,66,7,198
314,0.005674,31.13.82.0-255,66,132,7,198
315,0.007819,31.13.82.0-255,66,198,7,198
316,0.0,104.244.42.0-255,66,66,7,132
317,0.013285,157.240.13.0-255,66,132,7,132
318,0.0,104.244.42.0-255,66,66,7,198
319,0.006483,31.13.82.0-255,66,132,7,198
320,0.013098,31.13.82.0-255,66,198,7,198
321,0.0,104.244.42.0-255,66,66,7,198
322,0.00794,31.13.82.0-255,66,132,7,198
323,0.010766,31.13.82.0-255,66,198,7,198
324,0.0,104.244.42.0-255,66,66,7,198
325,0.006006,31.13.82.0-255,66,132,7,198
326,0.009007,31.13.82.0-255,66,198,7,198
327,0.0,104.244.42.0-255,66,66,7,198
328,0.006936,31.13.82.0-255,66,132,7,198
329,0.010325,31.13.82.0-255,66,198,7,198
330,0.0,104.244.42.0-255,66,66,7,198
331,0.010558,31.13.82.0-255,66,132,7,198
332,0.015305,31.13.82.0-255,66,198,7,198
333,0.0,104.244.42.0-255,66,66,7,198
334,0.009745,31.13.82.0-255,66,132,7,198
335,0.012717,31.13.82.0-255,66,198,7,198
336,0.0,104.244.42.0-255,66,66,7,198
337,0.018734,31.13.82.0-255,66,132,7,198
338,0.022501,31.13.82.0-255,66,198,7,198
339,0.0,104.244.42.0-255,66,66,7,198
340,0.010715,31.13.82.0-255,66,132,7,198
341,0.014642,31.13.82.0-255,66,198,7,198
342,0.0,104.244.42.0-255,66,66,7,198
343,0.015485,31.13.82.0-255,66,132,7,198
344,0.019628,31.13.82.0-255,66,198,7,198
345,0.0,104.244.42.0-255,66,66,7,198
346,0.0089,31.13.82.0-255,66,132,7,198
347,0.009123,31.13.82.0-255,66,198,7,198
348,0.0,31.13.82.0-255,66,66,7,198
349,0.000717,104.244.42.0-255,66,132,7,198
350,0.003877,31.13.82.0-255,66,198,7,198
351,0.0,104.244.42.0-255,66,66,7,198
352,0.008649,31.13.82.0-255,66,132,7,198
353,0.014329,31.13.82.0-255,66,198,7,198
354,0.0,104.244.42.0-255,66,66,7,198
355,0.001614,31.13.82.0-255,66,132,7,198
356,0.004952,31.13.82.0-255,66,198,7,198
357,0.0,31.13.82.0-255,94,94,7,424
358,1.4e-05,172.31.36.0-255,66,160,7,424
359,0.007457,172.31.36.0-255,66,226,7,424
360,0.008235,31.13.82.0-255,66,292,7,424
361,0.008873,104.244.42.0-255,66,358,7,424
362,0.010391,31.13.82.0-255,66,424,7,424
363,0.0,31.13.82.0-255,105,105,7,435
364,2.3e-05,172.31.36.0-255,66,171,7,435
365,0.000978,172.31.36.0-255,66,237,7,435
366,0.003475,104.244.42.0-255,66,303,7,435
367,0.014166,31.13.82.0-255,66,369,7,435
368,0.017567,31.13.82.0-255,66,435,7,435
369,0.0,104.244.42.0-255,66,66,7,198
370,0.003487,31.13.82.0-255,66,132,7,198
371,0.007502,31.13.82.0-255,66,198,7,198
372,0.0,104.244.42.0-255,66,66,7,198
373,0.00915,31.13.82.0-255,66,132,7,198
374,0.015967,31.13.82.0-255,66,198,7,198
