,TIME,SRC,PACKET_SIZE,CUMULATIVE_PACKET_SIZE,PAGE_NUMBER,TOTAL_PACKET_SIZE
0,0.0,157.240.7.0-255,66,66,21,132
1,0.0053,104.244.42.0-255,66,132,21,132
2,0.0,157.240.7.0-255,66,66,21,132
3,0.004032,104.244.42.0-255,66,132,21,132
4,0.0,157.240.7.0-255,66,66,21,132
5,0.005251,104.244.42.0-255,66,132,21,132
6,0.0,104.244.42.0-255,66,66,21,198
7,0.005627,31.13.82.0-255,66,132,21,198
8,0.010304,31.13.82.0-255,66,198,21,198
9,0.0,157.240.7.0-255,66,66,21,132
10,0.005988,104.244.42.0-255,66,132,21,132
11,0.0,104.244.42.0-255,66,66,21,66
12,0.0,104.244.42.0-255,66,66,21,678
13,0.01475,172.31.33.0-255,112,178,21,678
14,0.014905,172.31.33.0-255,97,275,21,678
15,0.014915,172.31.33.0-255,66,341,21,678
16,0.016481,104.244.42.0-255,66,407,21,678
17,0.01651,104.244.42.0-255,97,504,21,678
18,0.016525,172.31.33.0-255,54,558,21,678
19,0.016604,104.244.42.0-255,66,624,21,678
20,0.01661,172.31.33.0-255,54,678,21,678
21,0.0,157.240.7.0-255,66,66,21,132
22,0.008278,104.244.42.0-255,66,132,21,132
23,0.0,157.240.7.0-255,66,66,21,132
24,0.009786,104.244.42.0-255,66,132,21,132
25,0.0,157.240.13.0-255,66,66,21,132
26,0.005179,104.244.42.0-255,66,132,21,132
27,0.0,172.31.33.0-255,147,147,21,147
28,0.0,104.244.42.0-255,66,66,21,198
29,0.015995,31.13.82.0-255,66,132,21,198
30,0.020858,31.13.82.0-255,66,198,21,198
31,0.0,157.240.7.0-255,66,66,21,132
32,0.003928,104.244.42.0-255,66,132,21,132
33,0.0,157.240.7.0-255,66,66,21,132
34,0.003881,104.244.42.0-255,66,132,21,132
35,0.0,157.240.7.0-255,66,66,21,132
36,0.004519,104.244.42.0-255,66,132,21,132
37,0.0,157.240.7.0-255,66,66,21,132
38,0.009689,104.244.42.0-255,66,132,21,132
39,0.0,104.244.42.0-255,66,66,21,198
40,0.020968,31.13.82.0-255,66,132,21,198
41,0.025755,31.13.82.0-255,66,198,21,198
42,0.0,104.244.42.0-255,66,66,21,66
43,0.0,157.240.7.0-255,66,66,21,132
44,0.00426,104.244.42.0-255,66,132,21,132
45,0.0,157.240.7.0-255,66,66,21,132
46,0.007159,104.244.42.0-255,66,132,21,132
47,0.0,104.244.42.0-255,66,66,21,132
48,0.028884,31.13.82.0-255,66,132,21,132
49,0.0,172.31.33.0-255,160,160,21,226
50,0.012128,157.240.7.0-255,66,226,21,226
51,0.0,157.240.7.0-255,66,66,21,132
52,0.005189,104.244.42.0-255,66,132,21,132
53,0.0,157.240.7.0-255,66,66,21,132
54,0.004116,104.244.42.0-255,66,132,21,132
55,0.0,157.240.7.0-255,66,66,21,132
56,0.011375,104.244.42.0-255,66,132,21,132
57,0.0,157.240.7.0-255,66,66,21,132
58,0.012918,104.244.42.0-255,66,132,21,132
59,0.0,157.240.7.0-255,101,101,21,13661
60,1.2e-05,172.31.33.0-255,66,167,21,13661
61,0.000479,157.240.7.0-255,1133,1300,21,13661
62,0.000484,172.31.33.0-255,66,1366,21,13661
63,0.005259,157.240.7.0-255,66,1432,21,13661
64,0.013308,172.31.33.0-255,192,1624,21,13661
65,0.01507,157.240.7.0-255,101,1725,21,13661
66,0.015622,157.240.7.0-255,9782,11507,21,13661
67,0.015651,157.240.7.0-255,2022,13529,21,13661
68,0.015669,172.31.33.0-255,66,13595,21,13661
69,0.0208,104.244.42.0-255,66,13661,21,13661
70,0.0,157.240.7.0-255,66,66,21,132
71,0.003805,104.244.42.0-255,66,132,21,132
72,0.0,157.240.7.0-255,66,66,21,132
73,0.00665,104.244.42.0-255,66,132,21,132
74,0.0,157.240.7.0-255,66,66,21,132
75,0.006149,104.244.42.0-255,66,132,21,132
76,0.0,31.13.82.0-255,66,66,21,264
77,0.002264,172.31.33.0-255,66,132,21,264
78,0.003903,31.13.82.0-255,66,198,21,264
79,0.006439,104.244.42.0-255,66,264,21,264
80,0.0,157.240.7.0-255,66,66,21,132
81,0.004133,104.244.42.0-255,66,132,21,132
82,0.0,157.240.7.0-255,66,66,21,132
83,0.004925,104.244.42.0-255,66,132,21,132
84,0.0,104.244.42.0-255,66,66,21,198
85,0.015764,31.13.82.0-255,66,132,21,198
86,0.01949,31.13.82.0-255,66,198,21,198
87,0.0,157.240.7.0-255,66,66,21,132
88,0.010815,104.244.42.0-255,66,132,21,132
89,0.0,157.240.7.0-255,66,66,21,132
90,0.009341,104.244.42.0-255,66,132,21,132
91,0.0,104.244.42.0-255,66,66,21,198
92,0.021081,31.13.82.0-255,66,132,21,198
93,0.027318,31.13.82.0-255,66,198,21,198
94,0.0,104.244.42.0-255,66,66,21,66
95,0.0,157.240.7.0-255,66,66,21,264
96,0.007376,104.244.42.0-255,66,132,21,264
97,0.022011,31.13.82.0-255,66,198,21,264
98,0.025463,31.13.82.0-255,66,264,21,264
99,0.0,157.240.13.0-255,66,66,21,132
100,0.014005,104.244.42.0-255,66,132,21,132
101,0.0,157.240.7.0-255,66,66,21,132
102,0.004891,104.244.42.0-255,66,132,21,132
103,0.0,172.31.33.0-255,121,121,21,464
104,0.009125,172.31.33.0-255,101,222,21,464
105,0.009616,172.31.33.0-255,96,318,21,464
106,0.018378,172.31.33.0-255,146,464,21,464
107,0.0,104.244.42.0-255,66,66,21,132
108,0.027226,31.13.82.0-255,66,132,21,132
109,0.0,157.240.7.0-255,66,66,21,132
110,0.009264,104.244.42.0-255,66,132,21,132
111,0.0,157.240.7.0-255,66,66,21,292
112,0.014186,104.244.42.0-255,66,132,21,292
113,0.016896,157.240.7.0-255,94,226,21,292
114,0.016909,172.31.33.0-255,66,292,21,292
115,0.0,157.240.7.0-255,66,66,21,132
116,0.001565,104.244.42.0-255,66,132,21,132
117,0.0,157.240.7.0-255,66,66,21,132
118,0.002476,104.244.42.0-255,66,132,21,132
119,0.0,104.244.42.0-255,66,66,21,198
120,0.013624,31.13.82.0-255,66,132,21,198
121,0.018397,31.13.82.0-255,66,198,21,198
122,0.0,157.240.7.0-255,66,66,21,132
123,0.008838,104.244.42.0-255,66,132,21,132
124,0.0,157.240.7.0-255,66,66,21,264
125,0.009999,104.244.42.0-255,66,132,21,264
126,0.023177,31.13.82.0-255,66,198,21,264
127,0.026624,31.13.82.0-255,66,264,21,264
128,0.0,157.240.7.0-255,66,66,21,132
129,0.009893,104.244.42.0-255,66,132,21,132
130,0.0,157.240.7.0-255,66,66,21,132
131,0.014306,104.244.42.0-255,66,132,21,132
132,0.0,157.240.7.0-255,66,66,21,132
133,0.01391,104.244.42.0-255,66,132,21,132
134,0.0,172.31.33.0-255,130,130,21,459
135,0.001535,157.240.7.0-255,66,196,21,459
136,0.006915,172.31.33.0-255,96,292,21,459
137,0.008442,157.240.7.0-255,66,358,21,459
138,0.011422,172.31.33.0-255,101,459,21,459
139,0.0,157.240.7.0-255,66,66,21,132
140,0.005917,104.244.42.0-255,66,132,21,132
141,0.0,157.240.7.0-255,66,66,21,132
142,0.004617,104.244.42.0-255,66,132,21,132
143,0.0,157.240.7.0-255,66,66,21,264
144,0.005858,104.244.42.0-255,66,132,21,264
145,0.022358,31.13.82.0-255,66,198,21,264
146,0.027365,31.13.82.0-255,66,264,21,264
147,0.0,157.240.7.0-255,66,66,21,132
148,0.013263,104.244.42.0-255,66,132,21,132
149,0.0,157.240.7.0-255,66,66,21,132
150,0.007106,104.244.42.0-255,66,132,21,132
151,0.0,157.240.7.0-255,66,66,21,132
152,0.009484,104.244.42.0-255,66,132,21,132
153,0.0,157.240.7.0-255,66,66,21,132
154,0.002075,104.244.42.0-255,66,132,21,132
155,0.0,157.240.7.0-255,66,66,21,132
156,0.007809,104.244.42.0-255,66,132,21,132
157,0.0,157.240.7.0-255,66,66,21,132
158,0.004037,104.244.42.0-255,66,132,21,132
159,0.0,157.240.7.0-255,66,66,21,132
160,0.004243,104.244.42.0-255,66,132,21,132
161,0.0,157.240.7.0-255,66,66,21,264
162,0.009549,104.244.42.0-255,66,132,21,264
163,0.020141,31.13.82.0-255,66,198,21,264
164,0.023986,31.13.82.0-255,66,264,21,264
165,0.0,157.240.7.0-255,66,66,21,1510
166,0.002526,172.31.33.0-255,192,258,21,1510
167,0.004597,104.244.42.0-255,308,566,21,1510
168,0.004747,104.244.42.0-255,110,676,21,1510
169,0.007513,172.31.33.0-255,66,742,21,1510
170,0.007643,172.31.33.0-255,243,985,21,1510
171,0.007664,172.31.33.0-255,317,1302,21,1510
172,0.007901,172.31.33.0-255,104,1406,21,1510
173,0.009785,104.244.42.0-255,104,1510,21,1510
174,0.0,157.240.7.0-255,66,66,21,132
175,0.006108,104.244.42.0-255,66,132,21,132
176,0.0,157.240.7.0-255,66,66,21,132
177,0.004448,104.244.42.0-255,66,132,21,132
178,0.0,104.244.42.0-255,66,66,21,66
179,0.0,104.244.42.0-255,66,66,21,66
180,0.0,157.240.7.0-255,66,66,21,132
181,0.014775,104.244.42.0-255,66,132,21,132
182,0.0,157.240.7.0-255,66,66,21,132
183,0.009403,104.244.42.0-255,66,132,21,132
184,0.0,104.244.42.0-255,66,66,21,66
185,0.0,104.244.42.0-255,104,104,21,170
186,0.00748,157.240.7.0-255,66,170,21,170
187,0.0,157.240.7.0-255,66,66,21,132
188,0.003844,104.244.42.0-255,66,132,21,132
189,0.0,157.240.7.0-255,66,66,21,264
190,0.003475,104.244.42.0-255,66,132,21,264
191,0.02135,31.13.82.0-255,66,198,21,264
192,0.024868,31.13.82.0-255,66,264,21,264
193,0.0,104.244.42.0-255,66,66,21,66
194,0.0,157.240.7.0-255,66,66,21,132
195,0.004382,104.244.42.0-255,66,132,21,132
196,0.0,104.244.42.0-255,308,308,21,1506
197,8e-06,104.244.42.0-255,110,418,21,1506
198,0.006662,104.244.42.0-255,110,528,21,1506
199,0.006673,172.31.33.0-255,78,606,21,1506
200,0.013705,172.31.33.0-255,243,849,21,1506
201,0.013749,172.31.33.0-255,317,1166,21,1506
202,0.013992,172.31.33.0-255,104,1270,21,1506
203,0.015457,104.244.42.0-255,104,1374,21,1506
204,0.015984,104.244.42.0-255,66,1440,21,1506
205,0.021952,157.240.7.0-255,66,1506,21,1506
206,0.0,157.240.13.0-255,66,66,21,132
207,0.006175,104.244.42.0-255,66,132,21,132
208,0.0,157.240.7.0-255,66,66,21,132
209,0.015682,104.244.42.0-255,66,132,21,132
210,0.0,172.31.33.0-255,147,147,21,147
211,0.0,157.240.7.0-255,66,66,21,132
212,0.014863,104.244.42.0-255,66,132,21,132
213,0.0,157.240.7.0-255,66,66,21,132
214,0.011636,104.244.42.0-255,66,132,21,132
215,0.0,157.240.7.0-255,66,66,21,132
216,0.011321,104.244.42.0-255,66,132,21,132
217,0.0,157.240.7.0-255,66,66,21,132
218,0.00307,104.244.42.0-255,66,132,21,132
219,0.0,157.240.7.0-255,66,66,21,132
220,0.008793,104.244.42.0-255,66,132,21,132
221,0.0,157.240.13.0-255,66,66,21,132
222,0.006189,104.244.42.0-255,66,132,21,132
223,0.0,104.244.42.0-255,66,66,21,66
224,0.0,157.240.7.0-255,66,66,21,132
225,0.016767,104.244.42.0-255,66,132,21,132
226,0.0,157.240.7.0-255,66,66,21,132
227,0.006916,104.244.42.0-255,66,132,21,132
228,0.0,157.240.7.0-255,66,66,21,264
229,0.010667,104.244.42.0-255,66,132,21,264
230,0.024164,31.13.82.0-255,66,198,21,264
231,0.026009,31.13.82.0-255,66,264,21,264
232,0.0,157.240.7.0-255,66,66,21,132
233,0.008407,104.244.42.0-255,66,132,21,132
234,0.0,157.240.7.0-255,66,66,21,132
235,0.006746,104.244.42.0-255,66,132,21,132
236,0.0,157.240.7.0-255,66,66,21,132
237,0.006386,104.244.42.0-255,66,132,21,132
238,0.0,157.240.7.0-255,66,66,21,132
239,0.005403,104.244.42.0-255,66,132,21,132
240,0.0,157.240.13.0-255,66,66,21,132
241,0.004009,104.244.42.0-255,66,132,21,132
242,0.0,157.240.13.0-255,66,66,21,132
243,0.013581,104.244.42.0-255,66,132,21,132
244,0.0,104.244.42.0-255,66,66,21,66
245,0.0,104.244.42.0-255,66,66,21,198
246,0.011755,31.13.82.0-255,66,132,21,198
247,0.016379,31.13.82.0-255,66,198,21,198
248,0.0,157.240.7.0-255,66,66,21,132
249,0.006821,104.244.42.0-255,66,132,21,132
250,0.0,172.31.33.0-255,123,123,21,599
251,0.001739,157.240.7.0-255,66,189,21,599
252,0.001926,172.31.33.0-255,101,290,21,599
253,0.002469,172.31.33.0-255,96,386,21,599
254,0.004194,157.240.7.0-255,66,452,21,599
255,0.006511,172.31.33.0-255,147,599,21,599
256,0.0,157.240.13.0-255,66,66,21,132
257,0.004179,104.244.42.0-255,66,132,21,132
258,0.0,157.240.7.0-255,66,66,21,132
259,0.004587,104.244.42.0-255,66,132,21,132
260,0.0,104.244.42.0-255,66,66,21,66
261,0.0,157.240.13.0-255,66,66,21,132
262,0.005146,104.244.42.0-255,66,132,21,132
263,0.0,157.240.7.0-255,66,66,21,132
264,0.004952,104.244.42.0-255,66,132,21,132
265,0.0,172.31.33.0-255,147,147,21,147
266,0.0,157.240.7.0-255,66,66,21,132
267,0.003341,104.244.42.0-255,66,132,21,132
268,0.0,157.240.7.0-255,66,66,21,132
269,0.005557,104.244.42.0-255,66,132,21,132
270,0.0,157.240.7.0-255,66,66,21,132
271,0.010658,104.244.42.0-255,66,132,21,132
272,0.0,157.240.7.0-255,66,66,21,198
273,0.002355,172.31.33.0-255,66,132,21,198
274,0.010413,104.244.42.0-255,66,198,21,198
275,0.0,157.240.7.0-255,66,66,21,132
276,0.014403,104.244.42.0-255,66,132,21,132
277,0.0,157.240.7.0-255,66,66,21,132
278,0.004687,104.244.42.0-255,66,132,21,132
279,0.0,172.31.33.0-255,147,147,21,147
280,0.0,157.240.7.0-255,66,66,21,132
281,0.007989,104.244.42.0-255,66,132,21,132
282,0.0,157.240.7.0-255,66,66,21,132
283,0.006751,104.244.42.0-255,66,132,21,132
284,0.0,157.240.7.0-255,66,66,21,132
285,0.00721,104.244.42.0-255,66,132,21,132
286,0.0,157.240.7.0-255,66,66,21,132
287,0.020263,104.244.42.0-255,66,132,21,132
288,0.0,157.240.7.0-255,66,66,21,264
289,0.011479,104.244.42.0-255,66,132,21,264
290,0.021435,31.13.82.0-255,66,198,21,264
291,0.024851,31.13.82.0-255,66,264,21,264
292,0.0,157.240.13.0-255,66,66,21,132
293,0.00311,104.244.42.0-255,66,132,21,132
294,0.0,157.240.7.0-255,66,66,21,132
295,0.004346,104.244.42.0-255,66,132,21,132
296,0.0,157.240.7.0-255,66,66,21,132
297,0.009356,104.244.42.0-255,66,132,21,132
