,TIME,SRC,PACKET_SIZE,CUMULATIVE_PACKET_SIZE,PAGE_NUMBER,TOTAL_PACKET_SIZE
0,0.0,157.240.13.0-255,66,66,99,132
1,0.011948,104.244.42.0-255,66,132,99,132
2,0.0,104.244.42.0-255,66,66,99,66
3,0.0,157.240.13.0-255,66,66,99,132
4,0.01064,104.244.42.0-255,66,132,99,132
5,0.0,172.31.47.0-255,74,74,99,2910
6,0.001561,104.244.42.0-255,74,148,99,2910
7,0.001584,172.31.47.0-255,66,214,99,2910
8,0.008373,172.31.47.0-255,612,826,99,2910
9,0.009921,104.244.42.0-255,66,892,99,2910
10,0.01006,104.244.42.0-255,212,1104,99,2910
11,0.010068,172.31.47.0-255,66,1170,99,2910
12,0.010815,172.31.47.0-255,117,1287,99,2910
13,0.01222,172.31.47.0-255,243,1530,99,2910
14,0.012254,172.31.47.0-255,732,2262,99,2910
15,0.012521,104.244.42.0-255,110,2372,99,2910
16,0.013745,172.31.47.0-255,104,2476,99,2910
17,0.013788,104.244.42.0-255,66,2542,99,2910
18,0.013894,104.244.42.0-255,104,2646,99,2910
19,0.048433,31.13.82.0-255,66,2712,99,2910
20,0.050342,172.31.47.0-255,66,2778,99,2910
21,0.05322,31.13.82.0-255,66,2844,99,2910
22,0.056278,104.244.42.0-255,66,2910,99,2910
23,0.0,157.240.13.0-255,66,66,99,132
24,0.012111,104.244.42.0-255,66,132,99,132
25,0.0,104.244.42.0-255,66,66,99,132
26,0.05379,31.13.82.0-255,66,132,99,132
27,0.0,157.240.13.0-255,66,66,99,132
28,0.011199,104.244.42.0-255,66,132,99,132
29,0.0,157.240.13.0-255,66,66,99,132
30,0.013714,104.244.42.0-255,66,132,99,132
31,0.0,157.240.13.0-255,66,66,99,132
32,0.01028,104.244.42.0-255,66,132,99,132
33,0.0,104.244.42.0-255,66,66,99,264
34,0.016097,31.13.82.0-255,66,132,99,264
35,0.020444,31.13.82.0-255,66,198,99,264
36,0.058995,31.13.82.0-255,66,264,99,264
37,0.0,104.244.42.0-255,66,66,99,198
38,0.015996,31.13.82.0-255,66,132,99,198
39,0.019029,31.13.82.0-255,66,198,99,198
40,0.0,172.31.47.0-255,150,150,99,348
41,0.031218,31.13.82.0-255,66,216,99,348
42,0.035254,31.13.82.0-255,66,282,99,348
43,0.041733,104.244.42.0-255,66,348,99,348
44,0.0,157.240.13.0-255,66,66,99,132
45,0.010441,104.244.42.0-255,66,132,99,132
46,0.0,157.240.13.0-255,66,66,99,132
47,0.00948,104.244.42.0-255,66,132,99,132
48,0.0,157.240.13.0-255,66,66,99,132
49,0.011887,104.244.42.0-255,66,132,99,132
50,0.0,104.244.42.0-255,66,66,99,132
51,0.057607,31.13.82.0-255,66,132,99,132
52,0.0,104.244.42.0-255,66,66,99,264
53,0.012216,31.13.82.0-255,66,132,99,264
54,0.016957,31.13.82.0-255,66,198,99,264
55,0.059413,31.13.82.0-255,66,264,99,264
56,0.0,157.240.13.0-255,66,66,99,132
57,0.008711,104.244.42.0-255,66,132,99,132
58,0.0,157.240.13.0-255,66,66,99,132
59,0.010863,104.244.42.0-255,66,132,99,132
60,0.0,157.240.13.0-255,66,66,99,264
61,0.01262,104.244.42.0-255,66,132,99,264
62,0.035984,31.13.82.0-255,66,198,99,264
63,0.040515,31.13.82.0-255,66,264,99,264
64,0.0,104.244.42.0-255,66,66,99,264
65,0.013253,31.13.82.0-255,66,132,99,264
66,0.016937,31.13.82.0-255,66,198,99,264
67,0.056185,31.13.82.0-255,66,264,99,264
68,0.0,157.240.13.0-255,66,66,99,264
69,0.010554,104.244.42.0-255,66,132,99,264
70,0.020377,31.13.82.0-255,66,198,99,264
71,0.025405,31.13.82.0-255,66,264,99,264
72,0.0,172.31.47.0-255,243,243,99,1485
73,3.4e-05,172.31.47.0-255,726,969,99,1485
74,0.000644,104.244.42.0-255,110,1079,99,1485
75,0.001559,104.244.42.0-255,66,1145,99,1485
76,0.001637,104.244.42.0-255,104,1249,99,1485
77,0.00552,172.31.47.0-255,104,1353,99,1485
78,0.048698,104.244.42.0-255,66,1419,99,1485
79,0.056328,31.13.82.0-255,66,1485,99,1485
80,0.0,104.244.42.0-255,66,66,99,132
81,0.059063,31.13.82.0-255,66,132,99,132
82,0.0,157.240.13.0-255,66,66,99,264
83,0.014998,104.244.42.0-255,66,132,99,264
84,0.023368,31.13.82.0-255,66,198,99,264
85,0.026878,31.13.82.0-255,66,264,99,264
86,0.0,104.244.42.0-255,66,66,99,198
87,0.003599,31.13.82.0-255,66,132,99,198
88,0.008793,31.13.82.0-255,66,198,99,198
89,0.0,157.240.13.0-255,66,66,99,198
90,0.008918,104.244.42.0-255,66,132,99,198
91,0.01027,157.240.13.0-255,66,198,99,198
92,0.0,157.240.13.0-255,66,66,99,132
93,0.013834,104.244.42.0-255,66,132,99,132
94,0.0,157.240.13.0-255,66,66,99,132
95,0.010773,104.244.42.0-255,66,132,99,132
96,0.0,172.31.47.0-255,66,66,99,198
97,0.004005,104.244.42.0-255,66,132,99,198
98,0.046904,31.13.82.0-255,66,198,99,198
99,0.0,104.244.42.0-255,66,66,99,264
100,0.013679,31.13.82.0-255,66,132,99,264
101,0.019021,31.13.82.0-255,66,198,99,264
102,0.054893,31.13.82.0-255,66,264,99,264
103,0.0,157.240.13.0-255,66,66,99,132
104,0.011928,104.244.42.0-255,66,132,99,132
105,0.0,157.240.13.0-255,66,66,99,132
106,0.014051,104.244.42.0-255,66,132,99,132
107,0.0,104.244.42.0-255,66,66,99,198
108,0.017617,31.13.82.0-255,66,132,99,198
109,0.021234,31.13.82.0-255,66,198,99,198
110,0.0,104.244.42.0-255,66,66,99,264
111,0.00066,31.13.82.0-255,66,132,99,264
112,0.004396,31.13.82.0-255,66,198,99,264
113,0.046024,31.13.82.0-255,66,264,99,264
114,0.0,157.240.13.0-255,66,66,99,1575
115,0.012869,172.31.47.0-255,105,171,99,1575
116,0.012914,172.31.47.0-255,105,276,99,1575
117,0.012944,172.31.47.0-255,105,381,99,1575
118,0.013109,172.31.47.0-255,90,471,99,1575
119,0.013117,172.31.47.0-255,66,537,99,1575
120,0.013271,172.31.47.0-255,90,627,99,1575
121,0.013279,172.31.47.0-255,66,693,99,1575
122,0.013421,172.31.47.0-255,90,783,99,1575
123,0.013428,172.31.47.0-255,66,849,99,1575
124,0.015021,172.217.27.0-255,66,915,99,1575
125,0.015036,172.217.27.0-255,66,981,99,1575
126,0.015046,172.31.47.0-255,66,1047,99,1575
127,0.015589,74.125.68.0-255,66,1113,99,1575
128,0.0156,74.125.68.0-255,66,1179,99,1575
129,0.015607,172.31.47.0-255,66,1245,99,1575
130,0.015611,74.125.24.0-255,66,1311,99,1575
131,0.015617,74.125.24.0-255,66,1377,99,1575
132,0.015619,172.31.47.0-255,66,1443,99,1575
133,0.023215,172.31.47.0-255,66,1509,99,1575
134,0.027566,104.244.42.0-255,66,1575,99,1575
135,0.0,104.244.42.0-255,66,66,99,264
136,0.013328,31.13.82.0-255,66,132,99,264
137,0.016883,31.13.82.0-255,66,198,99,264
138,0.054422,31.13.82.0-255,66,264,99,264
139,0.0,157.240.13.0-255,66,66,99,198
140,0.000375,157.240.13.0-255,66,132,99,198
141,0.011723,104.244.42.0-255,66,198,99,198
142,0.0,157.240.13.0-255,66,66,99,264
143,0.010336,104.244.42.0-255,66,132,99,264
144,0.022125,31.13.82.0-255,66,198,99,264
145,0.026746,31.13.82.0-255,66,264,99,264
146,0.0,104.244.42.0-255,66,66,99,264
147,0.014332,31.13.82.0-255,66,132,99,264
148,0.01911,31.13.82.0-255,66,198,99,264
149,0.059678,31.13.82.0-255,66,264,99,264
150,0.0,157.240.13.0-255,66,66,99,132
151,0.011647,104.244.42.0-255,66,132,99,132
152,0.0,104.244.42.0-255,66,66,99,264
153,0.014029,31.13.82.0-255,66,132,99,264
154,0.019342,31.13.82.0-255,66,198,99,264
155,0.059566,31.13.82.0-255,66,264,99,264
156,0.0,104.244.42.0-255,66,66,99,264
157,0.012994,31.13.82.0-255,66,132,99,264
158,0.017491,31.13.82.0-255,66,198,99,264
159,0.056276,31.13.82.0-255,66,264,99,264
160,0.0,157.240.13.0-255,66,66,99,132
161,0.016268,104.244.42.0-255,66,132,99,132
162,0.0,157.240.13.0-255,66,66,99,132
163,0.011232,104.244.42.0-255,66,132,99,132
164,0.0,104.244.42.0-255,66,66,99,264
165,0.02577,31.13.82.0-255,66,132,99,264
166,0.029121,31.13.82.0-255,66,198,99,264
167,0.055831,31.13.82.0-255,66,264,99,264
168,0.0,157.240.13.0-255,66,66,99,264
169,0.008179,104.244.42.0-255,66,132,99,264
170,0.02245,31.13.82.0-255,66,198,99,264
171,0.02626,31.13.82.0-255,66,264,99,264
172,0.0,104.244.42.0-255,66,66,99,132
173,0.052154,31.13.82.0-255,66,132,99,132
174,0.0,104.244.42.0-255,66,66,99,198
175,0.023325,31.13.82.0-255,66,132,99,198
176,0.026779,31.13.82.0-255,66,198,99,198
177,0.0,157.240.13.0-255,66,66,99,408
178,0.009993,104.244.42.0-255,66,132,99,408
179,0.041978,172.31.47.0-255,105,237,99,408
180,0.044371,74.125.200.0-255,105,342,99,408
181,0.044382,172.31.47.0-255,66,408,99,408
182,0.0,157.240.13.0-255,66,66,99,132
183,0.019018,104.244.42.0-255,66,132,99,132
184,0.0,157.240.13.0-255,66,66,99,132
185,0.010037,104.244.42.0-255,66,132,99,132
186,0.0,157.240.13.0-255,66,66,99,132
187,0.011562,104.244.42.0-255,66,132,99,132
188,0.0,157.240.13.0-255,66,66,99,264
189,0.01544,104.244.42.0-255,66,132,99,264
190,0.024416,31.13.82.0-255,66,198,99,264
191,0.028479,31.13.82.0-255,66,264,99,264
192,0.0,172.31.47.0-255,150,150,99,282
193,0.013441,157.240.13.0-255,66,216,99,282
194,0.043216,104.244.42.0-255,66,282,99,282
195,0.0,172.31.47.0-255,150,150,99,414
196,0.011316,157.240.13.0-255,66,216,99,414
197,0.033991,31.13.82.0-255,66,282,99,414
198,0.038441,31.13.82.0-255,66,348,99,414
199,0.041712,104.244.42.0-255,66,414,99,414
200,0.0,172.31.47.0-255,74,74,99,2685
201,0.001528,104.244.42.0-255,74,148,99,2685
202,0.001549,172.31.47.0-255,66,214,99,2685
203,0.003278,172.31.47.0-255,612,826,99,2685
204,0.004837,104.244.42.0-255,66,892,99,2685
205,0.005021,104.244.42.0-255,212,1104,99,2685
206,0.005028,172.31.47.0-255,66,1170,99,2685
207,0.005282,172.31.47.0-255,117,1287,99,2685
208,0.006617,172.31.47.0-255,243,1530,99,2685
209,0.006648,172.31.47.0-255,705,2235,99,2685
210,0.006924,104.244.42.0-255,110,2345,99,2685
211,0.00823,104.244.42.0-255,66,2411,99,2685
212,0.010531,172.31.47.0-255,104,2515,99,2685
213,0.012391,104.244.42.0-255,104,2619,99,2685
214,0.052313,172.31.47.0-255,66,2685,99,2685
215,0.0,104.244.42.0-255,66,66,99,66
216,0.0,157.240.13.0-255,66,66,99,132
217,0.011191,104.244.42.0-255,66,132,99,132
218,0.0,172.31.47.0-255,149,149,99,281
219,0.02014,157.240.13.0-255,66,215,99,281
220,0.042452,104.244.42.0-255,66,281,99,281
221,0.0,172.31.47.0-255,150,150,99,282
222,0.012326,157.240.13.0-255,66,216,99,282
223,0.042905,104.244.42.0-255,66,282,99,282
224,0.0,157.240.13.0-255,66,66,99,303
225,0.010977,31.13.82.0-255,105,171,99,303
226,0.010995,172.31.47.0-255,66,237,99,303
227,0.012356,104.244.42.0-255,66,303,99,303
228,0.0,104.244.42.0-255,66,66,99,132
229,0.056923,31.13.82.0-255,66,132,99,132
230,0.0,157.240.13.0-255,66,66,99,132
231,0.009394,104.244.42.0-255,66,132,99,132
232,0.0,104.244.42.0-255,66,66,99,198
233,0.011257,31.13.82.0-255,66,132,99,198
234,0.015364,31.13.82.0-255,66,198,99,198
235,0.0,157.240.13.0-255,66,66,99,132
236,0.011889,104.244.42.0-255,66,132,99,132
237,0.0,157.240.13.0-255,66,66,99,132
238,0.009385,104.244.42.0-255,66,132,99,132
239,0.0,157.240.13.0-255,66,66,99,132
240,0.011737,104.244.42.0-255,66,132,99,132
241,0.0,157.240.13.0-255,66,66,99,216
242,0.033452,172.31.47.0-255,150,216,99,216
243,0.0,157.240.13.0-255,66,66,99,198
244,0.000708,157.240.13.0-255,66,132,99,198
245,0.009093,104.244.42.0-255,66,198,99,198
246,0.0,157.240.13.0-255,66,66,99,264
247,0.009942,104.244.42.0-255,66,132,99,264
248,0.034561,31.13.82.0-255,66,198,99,264
249,0.039128,31.13.82.0-255,66,264,99,264
250,0.0,157.240.13.0-255,66,66,99,132
251,0.00936,104.244.42.0-255,66,132,99,132
252,0.0,157.240.13.0-255,66,66,99,132
253,0.011908,104.244.42.0-255,66,132,99,132
254,0.0,157.240.13.0-255,66,66,99,264
255,0.011835,104.244.42.0-255,66,132,99,264
256,0.02418,31.13.82.0-255,66,198,99,264
257,0.027745,31.13.82.0-255,66,264,99,264
258,0.0,157.240.13.0-255,66,66,99,132
259,0.011628,104.244.42.0-255,66,132,99,132
260,0.0,157.240.13.0-255,66,66,99,132
261,0.014963,104.244.42.0-255,66,132,99,132
262,0.0,104.244.42.0-255,66,66,99,66
263,0.0,157.240.13.0-255,66,66,99,132
264,0.008049,104.244.42.0-255,66,132,99,132
265,0.0,172.31.47.0-255,150,150,99,282
266,0.01543,157.240.13.0-255,66,216,99,282
267,0.041979,104.244.42.0-255,66,282,99,282
268,0.0,172.31.47.0-255,149,149,99,347
269,0.04215,104.244.42.0-255,66,215,99,347
270,0.052258,31.13.82.0-255,66,281,99,347
271,0.05705,31.13.82.0-255,66,347,99,347
272,0.0,104.244.42.0-255,66,66,99,264
273,0.009796,31.13.82.0-255,66,132,99,264
274,0.013452,31.13.82.0-255,66,198,99,264
275,0.0569,31.13.82.0-255,66,264,99,264
276,0.0,104.244.42.0-255,66,66,99,264
277,0.01571,31.13.82.0-255,66,132,99,264
278,0.01888,31.13.82.0-255,66,198,99,264
279,0.059536,31.13.82.0-255,66,264,99,264
280,0.0,104.244.42.0-255,66,66,99,66
281,0.0,157.240.13.0-255,66,66,99,132
282,0.011539,104.244.42.0-255,66,132,99,132
283,0.0,157.240.13.0-255,66,66,99,330
284,0.00331,157.240.13.0-255,66,132,99,330
285,0.011112,104.244.42.0-255,66,198,99,330
286,0.020884,31.13.82.0-255,66,264,99,330
287,0.025887,31.13.82.0-255,66,330,99,330
288,0.0,104.244.42.0-255,66,66,99,264
289,0.009199,31.13.82.0-255,66,132,99,264
290,0.013946,31.13.82.0-255,66,198,99,264
291,0.054846,31.13.82.0-255,66,264,99,264
292,0.0,157.240.13.0-255,66,66,99,264
293,0.009358,104.244.42.0-255,66,132,99,264
294,0.021483,31.13.82.0-255,66,198,99,264
295,0.025305,31.13.82.0-255,66,264,99,264
296,0.0,104.244.42.0-255,66,66,99,66
297,0.0,172.31.47.0-255,150,150,99,282
298,0.009185,157.240.13.0-255,66,216,99,282
299,0.04177,104.244.42.0-255,66,282,99,282
300,0.0,157.240.13.0-255,66,66,99,132
301,0.011662,104.244.42.0-255,66,132,99,132
302,0.0,104.244.42.0-255,104,104,99,236
303,0.00596,157.240.13.0-255,66,170,99,236
304,0.038297,172.31.47.0-255,66,236,99,236
305,0.0,104.244.42.0-255,66,66,99,132
306,0.054086,31.13.82.0-255,66,132,99,132
307,0.0,157.240.13.0-255,66,66,99,132
308,0.015084,104.244.42.0-255,66,132,99,132
309,0.0,157.240.13.0-255,66,66,99,132
310,0.015559,104.244.42.0-255,66,132,99,132
311,0.0,157.240.13.0-255,66,66,99,132
312,0.016243,104.244.42.0-255,66,132,99,132
313,0.0,104.244.42.0-255,66,66,99,264
314,0.010678,31.13.82.0-255,66,132,99,264
315,0.014771,31.13.82.0-255,66,198,99,264
316,0.056363,31.13.82.0-255,66,264,99,264
317,0.0,104.244.42.0-255,66,66,99,264
318,0.014591,31.13.82.0-255,66,132,99,264
319,0.018841,31.13.82.0-255,66,198,99,264
320,0.056025,31.13.82.0-255,66,264,99,264
321,0.0,104.244.42.0-255,66,66,99,66
322,0.0,104.244.42.0-255,66,66,99,66
323,0.0,172.31.47.0-255,66,66,99,330
324,0.00083,104.244.42.0-255,66,132,99,330
325,0.004534,31.13.82.0-255,66,198,99,330
326,0.008441,31.13.82.0-255,66,264,99,330
327,0.048855,31.13.82.0-255,66,330,99,330
328,0.0,157.240.13.0-255,66,66,99,132
329,0.01105,104.244.42.0-255,66,132,99,132
330,0.0,172.31.47.0-255,612,612,99,2738
331,0.001696,104.244.42.0-255,66,678,99,2738
332,0.001822,104.244.42.0-255,212,890,99,2738
333,0.001827,172.31.47.0-255,66,956,99,2738
334,0.008113,172.31.47.0-255,117,1073,99,2738
335,0.009719,172.31.47.0-255,243,1316,99,2738
336,0.009755,172.31.47.0-255,724,2040,99,2738
337,0.009891,104.244.42.0-255,110,2150,99,2738
338,0.011381,104.244.42.0-255,66,2216,99,2738
339,0.01144,104.244.42.0-255,104,2320,99,2738
340,0.017622,104.244.42.0-255,104,2424,99,2738
341,0.017635,172.31.47.0-255,78,2502,99,2738
342,0.019415,172.31.47.0-255,104,2606,99,2738
343,0.04682,31.13.82.0-255,66,2672,99,2738
344,0.05176,31.13.82.0-255,66,2738,99,2738
345,0.0,104.244.42.0-255,66,66,99,264
346,0.01006,31.13.82.0-255,66,132,99,264
347,0.014009,31.13.82.0-255,66,198,99,264
348,0.053492,31.13.82.0-255,66,264,99,264
349,0.0,157.240.13.0-255,66,66,99,132
350,0.010791,104.244.42.0-255,66,132,99,132
351,0.0,157.240.13.0-255,66,66,99,132
352,0.009382,104.244.42.0-255,66,132,99,132
353,0.0,104.244.42.0-255,66,66,99,198
354,0.021392,31.13.82.0-255,66,132,99,198
355,0.023673,31.13.82.0-255,66,198,99,198
356,0.0,104.244.42.0-255,66,66,99,132
357,0.056504,31.13.82.0-255,66,132,99,132
358,0.0,104.244.42.0-255,66,66,99,132
359,0.058432,31.13.82.0-255,66,132,99,132
360,0.0,157.240.13.0-255,66,66,99,132
361,0.014695,104.244.42.0-255,66,132,99,132
362,0.0,104.244.42.0-255,66,66,99,66
363,0.0,157.240.13.0-255,66,66,99,132
364,0.010105,104.244.42.0-255,66,132,99,132
365,0.0,104.244.42.0-255,66,66,99,198
366,0.009855,31.13.82.0-255,66,132,99,198
367,0.015131,31.13.82.0-255,66,198,99,198
368,0.0,157.240.13.0-255,66,66,99,132
369,0.014432,104.244.42.0-255,66,132,99,132
370,0.0,157.240.13.0-255,66,66,99,132
371,0.009528,104.244.42.0-255,66,132,99,132
372,0.0,104.244.42.0-255,66,66,99,198
373,0.017208,31.13.82.0-255,66,132,99,198
374,0.02081,31.13.82.0-255,66,198,99,198
375,0.0,157.240.13.0-255,66,66,99,132
376,0.008372,104.244.42.0-255,66,132,99,132
377,0.0,157.240.13.0-255,66,66,99,132
378,0.009565,104.244.42.0-255,66,132,99,132
379,0.0,172.31.47.0-255,150,150,99,282
380,0.016832,157.240.13.0-255,66,216,99,282
381,0.042553,104.244.42.0-255,66,282,99,282
382,0.0,157.240.13.0-255,66,66,99,132
383,0.013241,104.244.42.0-255,66,132,99,132
384,0.0,157.240.13.0-255,66,66,99,264
385,0.014271,104.244.42.0-255,66,132,99,264
386,0.022798,31.13.82.0-255,66,198,99,264
387,0.027068,31.13.82.0-255,66,264,99,264
388,0.0,104.244.42.0-255,66,66,99,132
389,0.053635,31.13.82.0-255,66,132,99,132
390,0.0,157.240.13.0-255,66,66,99,330
391,4.6e-05,157.240.13.0-255,66,132,99,330
392,0.014553,104.244.42.0-255,66,198,99,330
393,0.023265,31.13.82.0-255,66,264,99,330
394,0.026588,31.13.82.0-255,66,330,99,330
395,0.0,104.244.42.0-255,66,66,99,198
396,0.024517,31.13.82.0-255,66,132,99,198
397,0.028166,31.13.82.0-255,66,198,99,198
