,TIME,SRC,PACKET_SIZE,CUMULATIVE_PACKET_SIZE,PAGE_NUMBER,TOTAL_PACKET_SIZE
0,0.0,31.13.82.0-255,101,101,7,167
1,2.5e-05,172.31.36.0-255,66,167,7,167
2,0.0,31.13.82.0-255,101,101,7,167
3,1.4e-05,172.31.36.0-255,66,167,7,167
4,0.0,31.13.82.0-255,101,101,7,465
5,2e-05,172.31.36.0-255,66,167,7,465
6,0.097498,31.13.82.0-255,232,399,7,465
7,0.097508,172.31.36.0-255,66,465,7,465
8,0.0,31.13.82.0-255,74,74,7,1821
9,3.2e-05,172.31.36.0-255,66,140,7,1821
10,0.002958,172.31.36.0-255,599,739,7,1821
11,0.082244,31.13.82.0-255,66,805,7,1821
12,0.082666,31.13.82.0-255,278,1083,7,1821
13,0.08268,172.31.36.0-255,66,1149,7,1821
14,0.08345,172.31.36.0-255,130,1279,7,1821
15,0.084948,172.31.36.0-255,236,1515,7,1821
16,0.084978,172.31.36.0-255,306,1821,7,1821
17,0.0,31.13.82.0-255,101,101,7,167
18,2.3e-05,172.31.36.0-255,66,167,7,167
19,0.0,31.13.82.0-255,101,101,7,167
20,2e-05,172.31.36.0-255,66,167,7,167
21,0.0,31.13.82.0-255,101,101,7,505
22,1.2e-05,172.31.36.0-255,66,167,7,505
23,0.097817,31.13.82.0-255,272,439,7,505
24,0.097839,172.31.36.0-255,66,505,7,505
25,0.0,31.13.82.0-255,101,101,7,167
26,1.9e-05,172.31.36.0-255,66,167,7,167
27,0.0,31.13.82.0-255,101,101,7,167
28,1.9e-05,172.31.36.0-255,66,167,7,167
29,0.0,157.240.13.0-255,235,235,7,618
30,1.5e-05,172.31.36.0-255,66,301,7,618
31,0.011579,172.31.36.0-255,150,451,7,618
32,0.014144,157.240.13.0-255,101,552,7,618
33,0.05302,172.31.36.0-255,66,618,7,618
34,0.0,31.13.82.0-255,74,74,7,1821
35,3.1e-05,172.31.36.0-255,66,140,7,1821
36,0.001839,172.31.36.0-255,599,739,7,1821
37,0.077443,31.13.82.0-255,66,805,7,1821
38,0.077722,31.13.82.0-255,278,1083,7,1821
39,0.077739,172.31.36.0-255,66,1149,7,1821
40,0.078538,172.31.36.0-255,130,1279,7,1821
41,0.080227,172.31.36.0-255,236,1515,7,1821
42,0.080259,172.31.36.0-255,306,1821,7,1821
43,0.0,31.13.82.0-255,74,74,7,1821
44,3.2e-05,172.31.36.0-255,66,140,7,1821
45,0.00191,172.31.36.0-255,599,739,7,1821
46,0.076396,31.13.82.0-255,66,805,7,1821
47,0.076749,31.13.82.0-255,278,1083,7,1821
48,0.076764,172.31.36.0-255,66,1149,7,1821
49,0.077547,172.31.36.0-255,130,1279,7,1821
50,0.079512,172.31.36.0-255,236,1515,7,1821
51,0.07954,172.31.36.0-255,306,1821,7,1821
52,0.0,31.13.82.0-255,101,101,7,167
53,2.3e-05,172.31.36.0-255,66,167,7,167
54,0.0,31.13.82.0-255,101,101,7,167
55,1.8e-05,172.31.36.0-255,66,167,7,167
56,0.0,31.13.82.0-255,101,101,7,167
57,2.3e-05,172.31.36.0-255,66,167,7,167
58,0.0,31.13.82.0-255,101,101,7,465
59,1.6e-05,172.31.36.0-255,66,167,7,465
60,0.097167,31.13.82.0-255,232,399,7,465
61,0.097183,172.31.36.0-255,66,465,7,465
62,0.0,157.240.13.0-255,66,66,7,66
63,0.0,31.13.82.0-255,101,101,7,167
64,2.2e-05,172.31.36.0-255,66,167,7,167
65,0.0,31.13.82.0-255,101,101,7,167
66,1.7e-05,172.31.36.0-255,66,167,7,167
67,0.0,31.13.82.0-255,101,101,7,167
68,1.9e-05,172.31.36.0-255,66,167,7,167
69,0.0,157.240.13.0-255,253,253,7,636
70,1.9e-05,172.31.36.0-255,66,319,7,636
71,0.008184,172.31.36.0-255,150,469,7,636
72,0.010483,157.240.13.0-255,101,570,7,636
73,0.048696,172.31.36.0-255,66,636,7,636
74,0.0,31.13.82.0-255,101,101,7,485
75,2.2e-05,172.31.36.0-255,66,167,7,485
76,0.097093,31.13.82.0-255,252,419,7,485
77,0.097112,172.31.36.0-255,66,485,7,485
78,0.0,31.13.82.0-255,101,101,7,167
79,1.9e-05,172.31.36.0-255,66,167,7,167
80,0.0,31.13.82.0-255,101,101,7,486
81,1.2e-05,172.31.36.0-255,66,167,7,486
82,0.096876,31.13.82.0-255,253,420,7,486
83,0.096886,172.31.36.0-255,66,486,7,486
84,0.0,31.13.82.0-255,101,101,7,167
85,1.9e-05,172.31.36.0-255,66,167,7,167
86,0.0,31.13.82.0-255,101,101,7,167
87,2e-05,172.31.36.0-255,66,167,7,167
88,0.0,31.13.82.0-255,101,101,7,167
89,2.3e-05,172.31.36.0-255,66,167,7,167
90,0.0,31.13.82.0-255,101,101,7,167
91,1.4e-05,172.31.36.0-255,66,167,7,167
92,0.0,31.13.82.0-255,101,101,7,167
93,1.7e-05,172.31.36.0-255,66,167,7,167
94,0.0,31.13.82.0-255,101,101,7,167
95,2.2e-05,172.31.36.0-255,66,167,7,167
96,0.0,157.240.13.0-255,243,243,7,626
97,1.4e-05,172.31.36.0-255,66,309,7,626
98,0.007644,172.31.36.0-255,150,459,7,626
99,0.00959,157.240.13.0-255,101,560,7,626
100,0.048541,172.31.36.0-255,66,626,7,626
101,0.0,31.13.82.0-255,101,101,7,167
102,1.3e-05,172.31.36.0-255,66,167,7,167
103,0.0,31.13.82.0-255,101,101,7,466
104,1.8e-05,172.31.36.0-255,66,167,7,466
105,0.09807,31.13.82.0-255,233,400,7,466
106,0.098079,172.31.36.0-255,66,466,7,466
107,0.0,31.13.82.0-255,74,74,7,1821
108,3e-05,172.31.36.0-255,66,140,7,1821
109,0.001599,172.31.36.0-255,599,739,7,1821
110,0.076241,31.13.82.0-255,66,805,7,1821
111,0.076549,31.13.82.0-255,278,1083,7,1821
112,0.076559,172.31.36.0-255,66,1149,7,1821
113,0.077263,172.31.36.0-255,130,1279,7,1821
114,0.078638,172.31.36.0-255,236,1515,7,1821
115,0.078668,172.31.36.0-255,306,1821,7,1821
116,0.0,31.13.82.0-255,101,101,7,167
117,2.2e-05,172.31.36.0-255,66,167,7,167
118,0.0,31.13.82.0-255,101,101,7,458
119,2e-05,172.31.36.0-255,66,167,7,458
120,0.096332,31.13.82.0-255,225,392,7,458
121,0.096346,172.31.36.0-255,66,458,7,458
122,0.0,157.240.13.0-255,232,232,7,615
123,2.4e-05,172.31.36.0-255,66,298,7,615
124,0.008415,172.31.36.0-255,150,448,7,615
125,0.010934,157.240.13.0-255,101,549,7,615
126,0.04782,172.31.36.0-255,66,615,7,615
127,0.0,31.13.82.0-255,101,101,7,167
128,1.5e-05,172.31.36.0-255,66,167,7,167
129,0.0,31.13.82.0-255,101,101,7,167
130,1.9e-05,172.31.36.0-255,66,167,7,167
131,0.0,157.240.13.0-255,252,252,7,635
132,9e-06,172.31.36.0-255,66,318,7,635
133,0.007422,172.31.36.0-255,150,468,7,635
134,0.009471,157.240.13.0-255,101,569,7,635
135,0.048219,172.31.36.0-255,66,635,7,635
136,0.0,31.13.82.0-255,101,101,7,167
137,1.9e-05,172.31.36.0-255,66,167,7,167
138,0.0,157.240.13.0-255,253,253,7,636
139,1.9e-05,172.31.36.0-255,66,319,7,636
140,0.007864,172.31.36.0-255,150,469,7,636
141,0.010241,157.240.13.0-255,101,570,7,636
142,0.046359,172.31.36.0-255,66,636,7,636
143,0.0,31.13.82.0-255,74,74,7,1821
144,3.3e-05,172.31.36.0-255,66,140,7,1821
145,0.001794,172.31.36.0-255,599,739,7,1821
146,0.072418,31.13.82.0-255,66,805,7,1821
147,0.072655,31.13.82.0-255,278,1083,7,1821
148,0.072669,172.31.36.0-255,66,1149,7,1821
149,0.074104,172.31.36.0-255,130,1279,7,1821
150,0.07566,172.31.36.0-255,236,1515,7,1821
151,0.075687,172.31.36.0-255,306,1821,7,1821
152,0.0,31.13.82.0-255,101,101,7,167
153,1.1e-05,172.31.36.0-255,66,167,7,167
154,0.0,31.13.82.0-255,101,101,7,167
155,1.8e-05,172.31.36.0-255,66,167,7,167
156,0.0,31.13.82.0-255,101,101,7,167
157,2.3e-05,172.31.36.0-255,66,167,7,167
158,0.0,31.13.82.0-255,101,101,7,167
159,2.2e-05,172.31.36.0-255,66,167,7,167
160,0.0,31.13.82.0-255,101,101,7,167
161,1.9e-05,172.31.36.0-255,66,167,7,167
162,0.0,31.13.82.0-255,101,101,7,167
163,2.3e-05,172.31.36.0-255,66,167,7,167
164,0.0,31.13.82.0-255,101,101,7,167
165,2.3e-05,172.31.36.0-255,66,167,7,167
166,0.0,31.13.82.0-255,101,101,7,167
167,1.4e-05,172.31.36.0-255,66,167,7,167
168,0.0,31.13.82.0-255,101,101,7,465
169,2.1e-05,172.31.36.0-255,66,167,7,465
170,0.097033,31.13.82.0-255,232,399,7,465
171,0.097049,172.31.36.0-255,66,465,7,465
172,0.0,31.13.82.0-255,101,101,7,167
173,2.3e-05,172.31.36.0-255,66,167,7,167
174,0.0,31.13.82.0-255,101,101,7,465
175,1.3e-05,172.31.36.0-255,66,167,7,465
176,0.098622,31.13.82.0-255,232,399,7,465
177,0.09864,172.31.36.0-255,66,465,7,465
178,0.0,31.13.82.0-255,101,101,7,167
179,2.1e-05,172.31.36.0-255,66,167,7,167
180,0.0,31.13.82.0-255,101,101,7,167
181,2e-05,172.31.36.0-255,66,167,7,167
182,0.0,31.13.82.0-255,101,101,7,167
183,2.3e-05,172.31.36.0-255,66,167,7,167
184,0.0,31.13.82.0-255,101,101,7,167
185,1.9e-05,172.31.36.0-255,66,167,7,167
186,0.0,31.13.82.0-255,101,101,7,167
187,1.7e-05,172.31.36.0-255,66,167,7,167
188,0.0,31.13.82.0-255,101,101,7,167
189,2e-05,172.31.36.0-255,66,167,7,167
190,0.0,31.13.82.0-255,101,101,7,167
191,2.3e-05,172.31.36.0-255,66,167,7,167
192,0.0,31.13.82.0-255,101,101,7,472
193,1.7e-05,172.31.36.0-255,66,167,7,472
194,0.096724,31.13.82.0-255,239,406,7,472
195,0.096739,172.31.36.0-255,66,472,7,472
196,0.0,31.13.82.0-255,101,101,7,167
197,2e-05,172.31.36.0-255,66,167,7,167
198,0.0,31.13.82.0-255,101,101,7,167
199,2.1e-05,172.31.36.0-255,66,167,7,167
200,0.0,31.13.82.0-255,101,101,7,167
201,2.2e-05,172.31.36.0-255,66,167,7,167
202,0.0,31.13.82.0-255,101,101,7,167
203,1.8e-05,172.31.36.0-255,66,167,7,167
204,0.0,31.13.82.0-255,101,101,7,167
205,2.3e-05,172.31.36.0-255,66,167,7,167
206,0.0,31.13.82.0-255,101,101,7,167
207,2.1e-05,172.31.36.0-255,66,167,7,167
208,0.0,31.13.82.0-255,101,101,7,484
209,2.2e-05,172.31.36.0-255,66,167,7,484
210,0.096857,31.13.82.0-255,251,418,7,484
211,0.096871,172.31.36.0-255,66,484,7,484
212,0.0,31.13.82.0-255,101,101,7,167
213,1.4e-05,172.31.36.0-255,66,167,7,167
214,0.0,31.13.82.0-255,101,101,7,167
215,2.3e-05,172.31.36.0-255,66,167,7,167
216,0.0,31.13.82.0-255,101,101,7,464
217,1.5e-05,172.31.36.0-255,66,167,7,464
218,0.097987,31.13.82.0-255,231,398,7,464
219,0.097997,172.31.36.0-255,66,464,7,464
220,0.0,31.13.82.0-255,101,101,7,167
221,1.9e-05,172.31.36.0-255,66,167,7,167
222,0.0,31.13.82.0-255,101,101,7,167
223,2.3e-05,172.31.36.0-255,66,167,7,167
224,0.0,31.13.82.0-255,101,101,7,167
225,2e-05,172.31.36.0-255,66,167,7,167
226,0.0,31.13.82.0-255,101,101,7,167
227,2.4e-05,172.31.36.0-255,66,167,7,167
228,0.0,31.13.82.0-255,101,101,7,486
229,1.6e-05,172.31.36.0-255,66,167,7,486
230,0.098363,31.13.82.0-255,253,420,7,486
231,0.098375,172.31.36.0-255,66,486,7,486
232,0.0,31.13.82.0-255,101,101,7,465
233,2.2e-05,172.31.36.0-255,66,167,7,465
234,0.097367,31.13.82.0-255,232,399,7,465
235,0.097386,172.31.36.0-255,66,465,7,465
236,0.0,31.13.82.0-255,101,101,7,167
237,1.2e-05,172.31.36.0-255,66,167,7,167
238,0.0,172.31.36.0-255,66,66,7,132
239,0.001599,157.240.13.0-255,66,132,7,132
240,0.0,31.13.82.0-255,101,101,7,167
241,1.7e-05,172.31.36.0-255,66,167,7,167
242,0.0,157.240.13.0-255,232,232,7,615
243,1.6e-05,172.31.36.0-255,66,298,7,615
244,0.006913,172.31.36.0-255,150,448,7,615
245,0.009268,157.240.13.0-255,101,549,7,615
246,0.049189,172.31.36.0-255,66,615,7,615
247,0.0,31.13.82.0-255,101,101,7,167
248,1.9e-05,172.31.36.0-255,66,167,7,167
249,0.0,31.13.82.0-255,101,101,7,463
250,1.3e-05,172.31.36.0-255,66,167,7,463
251,0.097033,31.13.82.0-255,230,397,7,463
252,0.097046,172.31.36.0-255,66,463,7,463
253,0.0,31.13.82.0-255,101,101,7,167
254,1.6e-05,172.31.36.0-255,66,167,7,167
255,0.0,31.13.82.0-255,101,101,7,167
256,2.4e-05,172.31.36.0-255,66,167,7,167
257,0.0,31.13.82.0-255,101,101,7,167
258,2.2e-05,172.31.36.0-255,66,167,7,167
259,0.0,157.240.13.0-255,66,66,7,66
260,0.0,31.13.82.0-255,101,101,7,167
261,2.2e-05,172.31.36.0-255,66,167,7,167
262,0.0,31.13.82.0-255,101,101,7,167
263,2.3e-05,172.31.36.0-255,66,167,7,167
264,0.0,31.13.82.0-255,101,101,7,167
265,2.2e-05,172.31.36.0-255,66,167,7,167
266,0.0,31.13.82.0-255,101,101,7,167
267,1.8e-05,172.31.36.0-255,66,167,7,167
268,0.0,31.13.82.0-255,101,101,7,464
269,1.6e-05,172.31.36.0-255,66,167,7,464
270,0.09747,31.13.82.0-255,231,398,7,464
271,0.097484,172.31.36.0-255,66,464,7,464
272,0.0,31.13.82.0-255,101,101,7,167
273,2.3e-05,172.31.36.0-255,66,167,7,167
274,0.0,31.13.82.0-255,101,101,7,167
275,2.1e-05,172.31.36.0-255,66,167,7,167
276,0.0,31.13.82.0-255,101,101,7,167
277,2.3e-05,172.31.36.0-255,66,167,7,167
278,0.0,157.240.13.0-255,232,232,7,615
279,1.9e-05,172.31.36.0-255,66,298,7,615
280,0.007888,172.31.36.0-255,150,448,7,615
281,0.010723,157.240.13.0-255,101,549,7,615
282,0.049871,172.31.36.0-255,66,615,7,615
283,0.0,157.240.13.0-255,66,66,7,66
284,0.0,31.13.82.0-255,101,101,7,167
285,2.1e-05,172.31.36.0-255,66,167,7,167
286,0.0,157.240.13.0-255,66,66,7,66
287,0.0,31.13.82.0-255,101,101,7,167
288,1.4e-05,172.31.36.0-255,66,167,7,167
289,0.0,31.13.82.0-255,101,101,7,167
290,1.7e-05,172.31.36.0-255,66,167,7,167
291,0.0,31.13.82.0-255,74,74,7,1821
292,3.1e-05,172.31.36.0-255,66,140,7,1821
293,0.001762,172.31.36.0-255,599,739,7,1821
294,0.073616,31.13.82.0-255,66,805,7,1821
295,0.073874,31.13.82.0-255,278,1083,7,1821
296,0.073889,172.31.36.0-255,66,1149,7,1821
297,0.074622,172.31.36.0-255,130,1279,7,1821
298,0.076248,172.31.36.0-255,236,1515,7,1821
299,0.076273,172.31.36.0-255,306,1821,7,1821
300,0.0,31.13.82.0-255,101,101,7,167
301,2.3e-05,172.31.36.0-255,66,167,7,167
302,0.0,31.13.82.0-255,101,101,7,167
303,1.1e-05,172.31.36.0-255,66,167,7,167
304,0.0,157.240.13.0-255,232,232,7,615
305,1.6e-05,172.31.36.0-255,66,298,7,615
306,0.00678,172.31.36.0-255,150,448,7,615
307,0.009278,157.240.13.0-255,101,549,7,615
308,0.048763,172.31.36.0-255,66,615,7,615
309,0.0,31.13.82.0-255,101,101,7,167
310,2.2e-05,172.31.36.0-255,66,167,7,167
311,0.0,31.13.82.0-255,101,101,7,465
312,1.8e-05,172.31.36.0-255,66,167,7,465
313,0.097732,31.13.82.0-255,232,399,7,465
314,0.097751,172.31.36.0-255,66,465,7,465
315,0.0,31.13.82.0-255,101,101,7,167
316,1.2e-05,172.31.36.0-255,66,167,7,167
317,0.0,31.13.82.0-255,101,101,7,167
318,2.2e-05,172.31.36.0-255,66,167,7,167
319,0.0,31.13.82.0-255,101,101,7,167
320,2.4e-05,172.31.36.0-255,66,167,7,167
321,0.0,31.13.82.0-255,101,101,7,167
322,1.8e-05,172.31.36.0-255,66,167,7,167
323,0.0,31.13.82.0-255,101,101,7,466
324,1.4e-05,172.31.36.0-255,66,167,7,466
325,0.096769,31.13.82.0-255,233,400,7,466
326,0.09678,172.31.36.0-255,66,466,7,466
327,0.0,31.13.82.0-255,101,101,7,167
328,1.9e-05,172.31.36.0-255,66,167,7,167
329,0.0,31.13.82.0-255,74,74,7,1821
330,3.7e-05,172.31.36.0-255,66,140,7,1821
331,0.001717,172.31.36.0-255,599,739,7,1821
332,0.074777,31.13.82.0-255,66,805,7,1821
333,0.075029,31.13.82.0-255,278,1083,7,1821
334,0.075054,172.31.36.0-255,66,1149,7,1821
335,0.075792,172.31.36.0-255,130,1279,7,1821
336,0.077307,172.31.36.0-255,236,1515,7,1821
337,0.077335,172.31.36.0-255,306,1821,7,1821
338,0.0,31.13.82.0-255,101,101,7,167
339,2.2e-05,172.31.36.0-255,66,167,7,167
340,0.0,31.13.82.0-255,101,101,7,167
341,2.3e-05,172.31.36.0-255,66,167,7,167
342,0.0,31.13.82.0-255,101,101,7,167
343,1.6e-05,172.31.36.0-255,66,167,7,167
344,0.0,31.13.82.0-255,101,101,7,464
345,1.2e-05,172.31.36.0-255,66,167,7,464
346,0.097344,31.13.82.0-255,231,398,7,464
347,0.097354,172.31.36.0-255,66,464,7,464
348,0.0,31.13.82.0-255,101,101,7,464
349,2.4e-05,172.31.36.0-255,66,167,7,464
350,0.097523,31.13.82.0-255,231,398,7,464
351,0.097541,172.31.36.0-255,66,464,7,464
352,0.0,157.240.13.0-255,225,225,7,608
353,2.3e-05,172.31.36.0-255,66,291,7,608
354,0.008441,172.31.36.0-255,150,441,7,608
355,0.010978,157.240.13.0-255,101,542,7,608
356,0.047456,172.31.36.0-255,66,608,7,608
357,0.0,31.13.82.0-255,101,101,7,167
358,2e-05,172.31.36.0-255,66,167,7,167
359,0.0,31.13.82.0-255,101,101,7,459
360,1.3e-05,172.31.36.0-255,66,167,7,459
361,0.097894,31.13.82.0-255,226,393,7,459
362,0.097908,172.31.36.0-255,66,459,7,459
